BENG
9.0887,-26.5138
5.5419,-5.791
17.5123,-5.3925
21.0591,-24.9198
16.6256,-26.5138

LEEU
110,-30
110.086,-24.8668
118.1089,-25.1243
118.1089,-34.3964
111.5186,-34.654

Cal
243.6103,19.9482
241.3181,29.7354
250,30
250,20
244.1834,19.9482

Can
340.256,21.9167
344.7994,33.0608
350.1688,32.6893
350,20
348.1036,19.6879

Humb
284.0838,-30.089
280,-15
291.5184,-14.8588
291.9314,-30.089
284.9099,-30.089

GS
275.9885,34.3714
283.7249,41.3254
298.9112,41.3254
285.7307,33.5987
278.5673,33.8563

KC
139.0258,36.4319
140.745,40.0377
147.6218,40.0377
142.7507,33.8563
132.4355,33.8563

EAC
148.1948,-35.9417
148.4814,-26.6697
157.3639,-26.6697
156.2178,-36.4569
149.341,-36.1993

BRZ
299.1977,-48.0469
298.6246,-34.654
310,-35
310,-48
305.2149,-48.0469

AGH
21.2607,-32.8511
30.1433,-27.6999
37.0201,-27.4424
31.0029,-35.6842
21.2607,-36.1993

GBR
143,-24
143,-11
145.9087,-10.9995
156,-24
143,-24

SEY
51.2843,-7.5558
51.1984,-2.194
59.0747,-2.1115
59.1041,-7.5413
51.2843,-7.5558

GAL
261.0888,-5.0349
260.8023,4.2372
284.298,4.2372
282.0057,-5.0349
269.9713,-5.0349

BofB
77.4212,10.9337
77.9943,25.0993
99,25
98.9112,10.6761
80.5731,10.9337

CARIB
268.2521,17.3726
277.9943,22.7813
295.4728,17.6302
295.7593,8.6157
278.2808,8.6157

MED
0,30
0.34384,46.9917
12.3782,46.9917
36.7335,38.7499
37.0201,29.9929

BERING
157.4683,52.6881
166.2464,64.7632
217.8223,64.248
191.7479,53.4306
157.5546,52.6881

NWATL
286.5903,42.3557
302.3496,66.0509
334.7278,65.7934
315.8166,42.0981
311.5186,42.0981

NE Pacific
210,35
210,55
235,55
235,35
210,35

SCPAC
204.9284,-52.1679
204.9284,-38.7749
243.8968,-39.0324
244.4699,-52.1679
223.553,-52.1679

EACX
146.4756,-42.3807
148.1948,-36.1993
154.212,-36.1993
151.9198,-44.9563
147.3352,-44.9563

AGRET
11.8052,-44.4411
11.8052,-36.7144
46.1891,-36.7144
46.1891,-44.1836
25.5587,-44.4411
