1856    0.221    0.154    0.226    0.145    0.197    0.220    0.233    0.210    0.277    0.127    0.138    0.232
 1857    0.217   -0.056   -0.072    0.010   -0.030    0.103    0.135    0.001    0.022   -0.131   -0.165   -0.280
 1858   -0.218   -0.311   -0.067    0.214    0.092   -0.037   -0.158   -0.068    0.074    0.151    0.278    0.125
 1859   -0.130   -0.117    0.063    0.152    0.090   -0.099   -0.178    0.066    0.083    0.131    0.062    0.085
 1860    0.118   -0.109    0.063   -0.066    0.172    0.306    0.232    0.042   -0.002    0.113   -0.005    0.144
 1861    0.003   -0.107   -0.004    0.250    0.197    0.294    0.417    0.305    0.262    0.216    0.218    0.118
 1862   -0.025   -0.161   -0.071   -0.124   -0.179   -0.042   -0.291   -0.265   -0.254   -0.263   -0.350   -0.356
 1863   -0.144   -0.042    0.030    0.052    0.025   -0.040   -0.292   -0.298   -0.156   -0.232   -0.176   -0.114
 1864   -0.203   -0.353   -0.179   -0.033    0.074    0.117    0.263    0.349    0.197    0.127    0.189    0.190
 1865    0.190    0.250    0.163    0.059    0.028    0.198    0.120    0.040    0.284    0.250    0.214    0.214
 1866    0.048    0.174    0.210    0.128    0.171    0.347    0.278    0.255    0.144    0.137    0.264    0.273
 1867    0.308    0.280    0.383    0.292    0.154    0.085    0.104    0.067   -0.001   -0.031    0.109   -0.056
 1868    0.058    0.128    0.199    0.258    0.184    0.323    0.403    0.200    0.144   -0.116   -0.059    0.120
 1869   -0.116    0.089    0.075    0.242    0.279    0.212    0.278    0.132    0.091   -0.009   -0.047   -0.090
 1870   -0.161    0.006   -0.045   -0.171   -0.032   -0.015   -0.043    0.097    0.147    0.154    0.170    0.106
 1871   -0.139   -0.122    0.127    0.176    0.140    0.128    0.169    0.054   -0.091   -0.151   -0.007    0.083
 1872   -0.073   -0.057   -0.088   -0.077    0.173    0.214    0.281    0.381    0.413    0.044   -0.037   -0.055
 1873    0.050    0.001    0.038    0.042   -0.052   -0.043    0.081    0.041    0.142    0.078    0.058    0.136
 1874    0.048   -0.116   -0.122   -0.093    0.012    0.159    0.097   -0.017    0.177   -0.044   -0.061   -0.293
 1875   -0.169    0.063    0.033    0.014    0.161    0.167    0.000    0.087    0.135    0.068   -0.062   -0.080
 1876   -0.208   -0.079   -0.094   -0.074   -0.075   -0.008    0.112    0.172    0.145   -0.057   -0.084   -0.020
 1877    0.004    0.155    0.239    0.144    0.254    0.323    0.299    0.362    0.262    0.232    0.300    0.319
 1878    0.241    0.334    0.344    0.643    0.524    0.627    0.420    0.587    0.548    0.318    0.372    0.470
 1879    0.322    0.378    0.019    0.037    0.245    0.175    0.084    0.015   -0.023    0.061    0.068    0.118
 1880    0.076    0.004    0.089   -0.038   -0.140   -0.012    0.118    0.102    0.254    0.230    0.147   -0.085
 1881    0.169    0.124    0.190    0.221    0.114    0.120    0.008    0.046   -0.022   -0.069   -0.305   -0.094
 1882   -0.130   -0.097   -0.032   -0.127   -0.130    0.001    0.062    0.071    0.043   -0.013    0.016    0.019
 1883   -0.045   -0.162   -0.150    0.030    0.036   -0.027   -0.041    0.021   -0.088   -0.110   -0.003    0.138
 1884    0.036   -0.138   -0.105   -0.058   -0.043    0.142   -0.025   -0.003   -0.145   -0.138   -0.334   -0.107
 1885   -0.060    0.052   -0.027   -0.242   -0.158   -0.123   -0.016    0.122    0.043    0.041    0.021    0.043
 1886    0.140    0.136    0.193    0.217    0.244    0.213    0.256    0.074    0.012   -0.009   -0.004   -0.009
 1887   -0.088   -0.076   -0.012   -0.054    0.056    0.231    0.350    0.217    0.169    0.253    0.198    0.199
 1888    0.251    0.188    0.273    0.141    0.147    0.270    0.205    0.165    0.168    0.273    0.147    0.098
 1889    0.255    0.262    0.337    0.318    0.319    0.231    0.081    0.101    0.109    0.108    0.182    0.056
 1890    0.036    0.020   -0.034   -0.149   -0.141   -0.097   -0.250   -0.295   -0.254   -0.077   -0.266   -0.242
 1891   -0.270   -0.079    0.081    0.117    0.185    0.170    0.249    0.107    0.015    0.032   -0.231    0.025
 1892    0.069    0.130    0.103    0.011   -0.122   -0.139   -0.245   -0.099   -0.207   -0.175   -0.270   -0.171
 1893   -0.096   -0.047   -0.036   -0.148   -0.128    0.132    0.185    0.169    0.058   -0.052    0.030   -0.149
 1894   -0.141   -0.159   -0.179   -0.276   -0.351   -0.316   -0.219   -0.230   -0.218   -0.328   -0.305   -0.220
 1895   -0.108   -0.076   -0.255   -0.283   -0.198   -0.099   -0.065   -0.087    0.082    0.080   -0.100   -0.042
 1896   -0.059    0.041   -0.032    0.055    0.265    0.197    0.109    0.088    0.321    0.166    0.052    0.062
 1897    0.086    0.138    0.310    0.253    0.168    0.104    0.102    0.024    0.052    0.081   -0.008   -0.007
 1898   -0.010    0.063    0.113    0.066    0.095    0.215    0.222    0.144    0.111   -0.023   -0.124    0.005
 1899   -0.060   -0.046   -0.003    0.091    0.207    0.193    0.116    0.275    0.135    0.097    0.205    0.305
 1900    0.214    0.209    0.068    0.171    0.004    0.007    0.099    0.006    0.056    0.123    0.051    0.143
 1901    0.056    0.193    0.166    0.159    0.089    0.226    0.191    0.189    0.010   -0.101   -0.072   -0.058
 1902   -0.109   -0.026   -0.017   -0.142   -0.084   -0.245   -0.284   -0.165    0.006    0.023   -0.110   -0.079
 1903   -0.035    0.059   -0.052   -0.063   -0.138   -0.170   -0.157   -0.439   -0.450   -0.360   -0.233   -0.287
 1904   -0.346   -0.368   -0.374   -0.417   -0.392   -0.424   -0.332   -0.343   -0.473   -0.365   -0.194   -0.149
 1905   -0.220   -0.178   -0.355   -0.168   -0.058   -0.168   -0.050   -0.138   -0.352   -0.247   -0.264   -0.241
 1906   -0.068   -0.028   -0.049   -0.040   -0.156    0.012   -0.003   -0.061   -0.116   -0.137   -0.014   -0.222
 1907   -0.182   -0.345   -0.251   -0.158   -0.146   -0.251   -0.278   -0.312   -0.175   -0.217   -0.224   -0.188
 1908   -0.229   -0.230   -0.238   -0.206   -0.161   -0.061    0.027    0.010   -0.086   -0.118   -0.152   -0.119
 1909   -0.102   -0.140   -0.099   -0.146   -0.004   -0.126   -0.165   -0.081   -0.112   -0.149   -0.289   -0.232
 1910   -0.305   -0.249   -0.258   -0.308   -0.339   -0.359   -0.287   -0.257   -0.104   -0.188   -0.076   -0.240
 1911   -0.250   -0.251   -0.306   -0.318   -0.341   -0.237   -0.166   -0.063   -0.116   -0.111   -0.228   -0.170
 1912   -0.234   -0.258   -0.216   -0.167   -0.113   -0.148   -0.255   -0.393   -0.243   -0.249   -0.221   -0.233
 1913   -0.305   -0.210   -0.223   -0.439   -0.447   -0.565   -0.437   -0.433   -0.426   -0.380   -0.454   -0.325
 1914   -0.222   -0.317   -0.404   -0.383   -0.262   -0.376   -0.430   -0.369   -0.187   -0.112   -0.183   -0.226
 1915   -0.127   -0.115   -0.002    0.053    0.263    0.295    0.319    0.214    0.198    0.030   -0.005    0.012
 1916   -0.038   -0.098   -0.091   -0.117    0.021    0.030   -0.073   -0.015   -0.002   -0.073   -0.239   -0.207
 1917   -0.292   -0.348   -0.400   -0.304   -0.252   -0.150   -0.207   -0.190   -0.280   -0.340   -0.318   -0.257
 1918   -0.099   -0.173   -0.115   -0.177   -0.237   -0.417   -0.365   -0.389   -0.363   -0.256   -0.297   -0.222
 1919   -0.224   -0.057   -0.190   -0.054   -0.162   -0.220   -0.281   -0.188   -0.190   -0.140   -0.225   -0.288
 1920   -0.459   -0.401   -0.449   -0.332   -0.250   -0.279   -0.273   -0.300   -0.273   -0.265   -0.424   -0.300
 1921   -0.288   -0.271   -0.315   -0.261   -0.247   -0.245   -0.105   -0.243   -0.222   -0.052   -0.259   -0.117
 1922   -0.202   -0.239   -0.337   -0.407   -0.315   -0.328   -0.373   -0.305   -0.364   -0.283   -0.348   -0.321
 1923   -0.360   -0.457   -0.401   -0.426   -0.277   -0.310   -0.318   -0.422   -0.366   -0.261   -0.212   -0.057
 1924   -0.128   -0.195   -0.101   -0.054    0.049   -0.094   -0.122   -0.134   -0.201   -0.232   -0.312   -0.284
 1925   -0.322   -0.307   -0.235   -0.176   -0.074   -0.186   -0.141   -0.128   -0.116   -0.084   -0.169    0.049
 1926    0.037    0.110    0.050    0.112    0.128    0.071    0.144    0.055    0.044    0.180    0.029    0.092
 1927    0.083    0.079    0.042    0.071    0.194    0.157    0.158    0.160    0.107    0.176    0.140   -0.021
 1928   -0.043   -0.092   -0.091   -0.096    0.020    0.069    0.089    0.105    0.091    0.045   -0.048   -0.087
 1929   -0.085   -0.097   -0.087   -0.012   -0.107   -0.189   -0.176   -0.151   -0.061   -0.050   -0.111   -0.182
 1930   -0.120   -0.172   -0.091   -0.207   -0.107   -0.077    0.064    0.073    0.291    0.205    0.157    0.146
 1931    0.118    0.070    0.152    0.155    0.229    0.272    0.198    0.155    0.268    0.323    0.062    0.175
 1932    0.180    0.234    0.251    0.216    0.158    0.248    0.275    0.391    0.340    0.242    0.141    0.099
 1933    0.092    0.161    0.095    0.215    0.296    0.248    0.284    0.286    0.247    0.335    0.084    0.007
 1934   -0.107   -0.185   -0.207   -0.089   -0.108    0.038    0.175    0.084    0.147    0.175    0.022    0.000
 1935    0.047   -0.130   -0.145    0.059    0.146    0.114    0.067    0.010   -0.032   -0.014    0.025    0.105
 1936    0.142    0.150    0.198    0.201    0.172    0.197    0.199    0.218    0.178    0.108    0.024    0.052
 1937    0.059    0.090    0.103    0.074    0.135    0.455    0.616    0.596    0.512    0.302    0.261    0.358
 1938    0.216    0.156    0.204    0.242    0.208    0.172    0.209    0.303    0.313    0.359    0.323    0.223
 1939    0.139    0.083   -0.027    0.099    0.110    0.182    0.330    0.327    0.304    0.015   -0.148   -0.075
 1940    0.067   -0.189   -0.139   -0.027    0.007    0.019    0.101    0.110    0.030   -0.044   -0.127   -0.133
 1941   -0.057    0.100    0.137    0.070    0.042   -0.013    0.094    0.284    0.310    0.421    0.398    0.332
 1942    0.141    0.204    0.198    0.210    0.215    0.265    0.106    0.151    0.230    0.209    0.202    0.098
 1943    0.135    0.103   -0.096   -0.130   -0.117   -0.070    0.023    0.022    0.083    0.086    0.150    0.235
 1944    0.308    0.325    0.429    0.322    0.299    0.354    0.368    0.451    0.425    0.374    0.279    0.281
 1945    0.267    0.356    0.372    0.419    0.317    0.182    0.092    0.115    0.093    0.110    0.193    0.146
 1946    0.285    0.199    0.139    0.070    0.098   -0.092   -0.196   -0.156   -0.009   -0.007   -0.056   -0.026
 1947   -0.165   -0.118   -0.082   -0.088   -0.146   -0.143   -0.148   -0.091   -0.041   -0.081    0.056    0.043
 1948   -0.006   -0.018    0.037   -0.061    0.005    0.064   -0.030   -0.013   -0.043    0.017    0.144    0.072
 1949    0.162    0.170    0.048    0.108   -0.014    0.011    0.081    0.112    0.080    0.114    0.117    0.127
 1950    0.120   -0.024   -0.096   -0.121   -0.049   -0.033   -0.046    0.030    0.020   -0.080    0.090    0.098
 1951    0.113    0.008    0.022    0.179    0.182    0.299    0.432    0.313    0.259    0.269    0.185    0.185
 1952    0.182    0.193    0.240    0.201    0.191    0.393    0.382    0.414    0.372    0.365    0.261    0.351
 1953    0.275    0.195    0.152    0.324    0.353    0.286    0.354    0.269    0.290    0.158    0.255    0.268
 1954    0.237    0.106    0.111   -0.003    0.080    0.110   -0.034   -0.004   -0.000   -0.022   -0.016   -0.041
 1955    0.086    0.051    0.052    0.106    0.187    0.204    0.279    0.185    0.213    0.290    0.397    0.267
 1956    0.197    0.105    0.024    0.074   -0.047   -0.254   -0.079   -0.088   -0.078   -0.032   -0.076    0.029
 1957   -0.070   -0.096   -0.009   -0.063   -0.110   -0.002    0.051    0.213    0.232    0.160    0.095    0.090
 1958    0.059    0.200    0.355    0.357    0.212    0.232    0.175    0.172    0.223    0.163    0.196    0.230
 1959    0.111    0.125   -0.016    0.007    0.018   -0.049   -0.021    0.023    0.136    0.123    0.062    0.120
 1960    0.187    0.227    0.099    0.108    0.313    0.330    0.281    0.346    0.222    0.307    0.261    0.149
 1961    0.071    0.092    0.159    0.238    0.204    0.043   -0.008    0.047    0.014    0.040    0.078    0.224
 1962    0.160    0.163    0.176    0.098    0.034   -0.061    0.003   -0.052    0.015    0.076    0.057    0.201
 1963    0.168    0.177    0.144    0.115   -0.074   -0.036   -0.025   -0.063   -0.191   -0.061   -0.046   -0.049
 1964   -0.064    0.032    0.050   -0.135    0.051    0.015   -0.133   -0.223   -0.209   -0.260   -0.155   -0.110
 1965   -0.188   -0.166   -0.067   -0.086   -0.088   -0.116   -0.177   -0.199   -0.211   -0.237   -0.265   -0.112
 1966   -0.065    0.021    0.001    0.055    0.012   -0.034   -0.045   -0.033    0.011    0.024    0.014    0.091
 1967    0.092    0.099   -0.023   -0.004   -0.176   -0.250   -0.219   -0.154   -0.086   -0.089   -0.223   -0.142
 1968   -0.236   -0.187   -0.198   -0.145   -0.113   -0.251   -0.218   -0.202   -0.139   -0.102   -0.097   -0.116
 1969   -0.052    0.115    0.218    0.160    0.021    0.039    0.105   -0.090   -0.096   -0.174   -0.113   -0.020
 1970    0.001   -0.037    0.030    0.031   -0.035   -0.171   -0.189   -0.129   -0.126   -0.185   -0.229   -0.198
 1971   -0.234   -0.281   -0.299   -0.401   -0.315   -0.351   -0.338   -0.424   -0.354   -0.223   -0.231   -0.297
 1972   -0.306   -0.368   -0.427   -0.314   -0.457   -0.476   -0.363   -0.371   -0.291   -0.274   -0.265   -0.339
 1973   -0.361   -0.381   -0.332   -0.252   -0.157   -0.163   -0.091   -0.120   -0.119   -0.203   -0.197   -0.225
 1974   -0.263   -0.271   -0.388   -0.511   -0.487   -0.434   -0.502   -0.455   -0.493   -0.495   -0.413   -0.348
 1975   -0.260   -0.325   -0.296   -0.332   -0.375   -0.282   -0.258   -0.172   -0.323   -0.340   -0.328   -0.308
 1976   -0.371   -0.428   -0.480   -0.413   -0.475   -0.470   -0.294   -0.172   -0.179   -0.280   -0.402   -0.418
 1977   -0.375   -0.319   -0.169   -0.203   -0.156   -0.093   -0.092   -0.131   -0.218   -0.210   -0.129   -0.191
 1978   -0.092   -0.133   -0.144   -0.181   -0.190   -0.318   -0.262   -0.212   -0.175   -0.193   -0.105   -0.168
 1979   -0.178   -0.136   -0.213   -0.222   -0.103   -0.027   -0.079   -0.100   -0.094   -0.072   -0.070   -0.044
 1980    0.014   -0.063   -0.123    0.015    0.145    0.124    0.066    0.039    0.008   -0.045   -0.181   -0.233
 1981   -0.161   -0.160    0.022   -0.074   -0.063   -0.041   -0.073   -0.094   -0.015   -0.166   -0.116    0.015
 1982   -0.060   -0.057   -0.059   -0.161   -0.170   -0.163   -0.207   -0.288   -0.286   -0.350   -0.396   -0.359
 1983   -0.277   -0.082    0.103    0.081   -0.027   -0.033    0.006   -0.137   -0.194   -0.174   -0.137    0.019
 1984   -0.085   -0.066   -0.103   -0.136   -0.144   -0.303   -0.244   -0.204   -0.187   -0.322   -0.403   -0.296
 1985   -0.333   -0.308   -0.335   -0.379   -0.316   -0.106   -0.131   -0.260   -0.226   -0.223   -0.273   -0.315
 1986   -0.321   -0.253   -0.271   -0.303   -0.207   -0.239   -0.227   -0.251   -0.198   -0.297   -0.376   -0.350
 1987   -0.256   -0.196   -0.011    0.051    0.090    0.225    0.301    0.301    0.216    0.068   -0.048    0.065
 1988   -0.020   -0.095    0.011    0.072    0.158    0.185    0.129    0.011   -0.076   -0.152   -0.128   -0.145
 1989   -0.202   -0.138   -0.234   -0.271   -0.128    0.110    0.196    0.132   -0.076   -0.105   -0.131   -0.134
 1990   -0.280   -0.143   -0.160   -0.099   -0.040   -0.037   -0.003    0.071    0.166    0.132   -0.035   -0.017
 1991   -0.176   -0.098   -0.051   -0.114   -0.135   -0.111   -0.089   -0.091   -0.019   -0.244   -0.243   -0.196
 1992   -0.173   -0.076   -0.075   -0.167   -0.204   -0.133   -0.202   -0.363   -0.352   -0.282   -0.317   -0.267
 1993   -0.223   -0.169   -0.227   -0.156   -0.147   -0.164   -0.260   -0.211   -0.147   -0.226   -0.301   -0.276
 1994   -0.279   -0.292   -0.262   -0.183   -0.190   -0.205   -0.214   -0.219   -0.135   -0.043   -0.003   -0.074
 1995   -0.046   -0.023    0.033    0.092    0.288    0.380    0.330    0.200    0.070    0.118    0.143    0.058
 1996    0.007   -0.016   -0.041    0.026   -0.048   -0.107   -0.088    0.008    0.015   -0.128   -0.157   -0.138
 1997   -0.075   -0.019    0.022    0.024    0.056    0.025    0.077    0.032    0.126    0.167    0.068    0.148
 1998    0.147    0.308    0.339    0.308    0.400    0.506    0.504    0.529    0.429    0.399    0.334    0.296
 1999    0.068    0.074    0.086    0.069    0.179    0.197    0.215    0.324    0.202    0.034   -0.032    0.032
 2000   -0.066   -0.021    0.121    0.059    0.122   -0.001    0.090    0.120    0.119   -0.023   -0.035   -0.109
 2001   -0.110   -0.009    0.032    0.005    0.008    0.216    0.153    0.195    0.304    0.269    0.174    0.231
 2002    0.199    0.183    0.162    0.045   -0.031   -0.099   -0.048    0.124    0.097    0.129    0.037    0.022
 2003    0.068    0.005    0.130    0.097    0.169    0.223    0.294    0.433    0.470    0.444    0.241    0.242
 2004    0.229    0.227    0.176    0.126    0.024    0.196    0.246    0.335    0.259    0.260    0.239    0.206
 2005    0.129    0.144    0.303    0.310    0.311    0.345    0.465    0.458    0.437    0.256    0.158    0.235
 2006    0.142    0.093    0.079    0.216    0.327    0.352    0.393    0.420    0.383    0.353    0.308    0.190
 2007    0.190    0.236    0.146    0.178    0.130    0.107    0.148    0.074    0.117    0.177    0.195    0.130
 2008    0.049    0.147    0.178    0.062    0.191    0.275    0.225    0.194    0.218    0.122    0.020    0.038
 2009   -0.040   -0.145   -0.141   -0.111   -0.042    0.141    0.247    0.172    0.077    0.184    0.089    0.102
 2010    0.059    0.197    0.307    0.445    0.479    0.467    0.470    0.545    0.469    0.343    0.255    0.227
 2011    0.163    0.128    0.075    0.111    0.172    0.198    0.111    0.166    0.164    0.082   -0.051   -0.025
 2012   -0.045    0.024    0.045    0.100    0.184    0.320    0.395    0.451    0.468    0.349    0.185    0.161
 2013    0.148    0.135    0.178    0.156    0.121    0.066    0.210    0.214    0.275    0.367    0.148    0.056
 2014   -0.042   -0.023   -0.061   -0.074    0.019    0.082    0.242    0.355    0.330    0.312    0.085    0.079
 2015    0.012    0.016   -0.109   -0.051  -99.990  -99.990  -99.990  -99.990  -99.990  -99.990  -99.990  -99.990