1870   1     0.055
1870   2     0.318
1870   3     0.036
1870   4    -0.797
1870   5    -0.149
1870   6     0.256
1870   7    -0.117
1870   8     0.119
1870   9    -0.631
1870  10     0.373
1870  11     1.187
1870  12     0.783
1871   1     0.564
1871   2    -0.144
1871   3    -0.067
1871   4     0.705
1871   5     1.377
1871   6     1.203
1871   7     0.814
1871   8     0.102
1871   9     0.558
1871  10     0.083
1871  11     0.722
1871  12     0.260
1872   1     0.527
1872   2     0.028
1872   3     0.093
1872   4     0.401
1872   5    -0.015
1872   6    -0.167
1872   7     0.326
1872   8     1.302
1872   9     1.317
1872  10     1.054
1872  11     1.074
1872  12     1.178
1873   1     1.570
1873   2     1.935
1873   3     1.112
1873   4     0.432
1873   5    -0.301
1873   6     0.082
1873   7     0.792
1873   8     0.764
1873   9     1.355
1873  10     0.516
1873  11     0.224
1873  12    -0.623
1874   1    -0.230
1874   2    -0.181
1874   3    -1.099
1874   4    -1.433
1874   5    -1.885
1874   6    -1.524
1874   7    -0.873
1874   8    -0.325
1874   9     0.106
1874  10    -0.265
1874  11    -0.618
1874  12    -0.138
1875   1     0.442
1875   2     2.076
1875   3     1.900
1875   4     1.667
1875   5     1.242
1875   6     0.265
1875   7    -0.045
1875   8     0.942
1875   9     0.515
1875  10     0.499
1875  11     1.043
1875  12     0.707
1876   1     0.817
1876   2     0.013
1876   3     0.122
1876   4     0.699
1876   5     0.116
1876   6    -0.075
1876   7    -0.017
1876   8     0.230
1876   9    -0.220
1876  10    -0.679
1876  11    -1.425
1876  12    -2.070
1877   1    -1.626
1877   2    -0.986
1877   3    -0.177
1877   4    -0.165
1877   5    -0.368
1877   6     0.711
1877   7     0.952
1877   8     1.164
1877   9     0.998
1877  10     1.156
1877  11     0.841
1877  12     0.779
1878   1    -0.928
1878   2    -1.476
1878   3    -0.837
1878   4    -0.143
1878   5     0.071
1878   6    -0.654
1878   7    -0.405
1878   8    -0.679
1878   9    -0.615
1878  10    -0.587
1878  11    -1.508
1878  12    -1.487
1879   1    -1.402
1879   2    -1.616
1879   3    -1.663
1879   4    -1.555
1879   5    -0.915
1879   6    -0.708
1879   7    -0.690
1879   8    -0.906
1879   9    -0.114
1879  10    -0.386
1879  11    -0.223
1879  12    -0.437
1880   1    -0.830
1880   2    -0.557
1880   3    -1.091
1880   4    -1.587
1880   5    -1.295
1880   6    -0.893
1880   7    -0.844
1880   8    -0.495
1880   9    -0.370
1880  10    -0.302
1880  11    -0.120
1880  12     0.659
1881   1     0.772
1881   2     0.459
1881   3     0.296
1881   4    -0.212
1881   5     0.212
1881   6     0.150
1881   7     0.289
1881   8    -0.250
1881   9    -0.764
1881  10    -0.387
1881  11    -0.724
1881  12    -0.099
1882   1     0.043
1882   2     0.824
1882   3     0.429
1882   4    -0.019
1882   5    -1.306
1882   6    -1.191
1882   7    -0.890
1882   8    -0.557
1882   9    -0.590
1882  10    -0.615
1882  11    -0.416
1882  12    -0.808
1883   1    -1.769
1883   2    -0.525
1883   3    -0.070
1883   4     0.179
1883   5     0.666
1883   6    -0.116
1883   7    -1.149
1883   8    -0.850
1883   9    -0.467
1883  10    -0.434
1883  11    -0.252
1883  12     0.002
1884   1     0.688
1884   2     0.117
1884   3     0.070
1884   4    -0.103
1884   5     0.385
1884   6     0.459
1884   7    -0.114
1884   8    -0.402
1884   9    -0.674
1884  10    -0.765
1884  11    -0.987
1884  12    -0.920
1885   1    -0.424
1885   2    -0.181
1885   3    -0.098
1885   4     0.214
1885   5     0.367
1885   6     0.074
1885   7    -0.173
1885   8    -0.103
1885   9    -0.238
1885  10    -0.101
1885  11     0.141
1885  12    -0.039
1886   1     0.361
1886   2     0.182
1886   3     0.990
1886   4     0.909
1886   5     1.698
1886   6     1.866
1886   7     1.357
1886   8     0.494
1886   9     0.087
1886  10    -0.078
1886  11     0.361
1886  12     0.684
1887   1    -0.243
1887   2    -0.732
1887   3    -0.153
1887   4     0.258
1887   5    -0.126
1887   6     0.001
1887   7     0.924
1887   8    -0.056
1887   9     0.214
1887  10     0.341
1887  11     0.455
1887  12    -0.527
1888   1    -0.992
1888   2    -1.068
1888   3    -1.231
1888   4    -0.912
1888   5    -0.873
1888   6    -1.075
1888   7    -1.112
1888   8    -0.361
1888   9    -0.213
1888  10    -0.075
1888  11    -0.523
1888  12     0.386
1889   1     1.684
1889   2     0.730
1889   3     0.131
1889   4    -0.028
1889   5     0.136
1889   6     1.426
1889   7     0.494
1889   8     0.428
1889   9     0.644
1889  10     0.479
1889  11     0.951
1889  12     0.661
1890   1     0.862
1890   2     0.497
1890   3     0.520
1890   4     0.096
1890   5     0.109
1890   6     0.203
1890   7    -0.218
1890   8    -0.667
1890   9    -0.187
1890  10    -0.313
1890  11    -0.224
1890  12     0.278
1891   1     0.594
1891   2     0.404
1891   3     0.061
1891   4     0.003
1891   5    -0.078
1891   6     0.307
1891   7    -0.346
1891   8    -0.217
1891   9     0.060
1891  10    -0.127
1891  11     0.028
1891  12     0.289
1892   1     0.626
1892   2     0.875
1892   3     0.661
1892   4    -0.674
1892   5    -1.236
1892   6    -1.357
1892   7    -0.763
1892   8    -0.629
1892   9    -0.268
1892  10    -0.822
1892  11    -0.022
1892  12    -0.591
1893   1    -0.290
1893   2    -0.680
1893   3    -0.469
1893   4    -0.964
1893   5    -0.424
1893   6     0.457
1893   7     0.900
1893   8     0.709
1893   9     0.710
1893  10     0.696
1893  11     0.931
1893  12     0.567
1894   1    -0.114
1894   2     0.063
1894   3    -0.288
1894   4     0.224
1894   5     0.112
1894   6     0.045
1894   7     0.523
1894   8    -0.153
1894   9     0.127
1894  10     0.342
1894  11     0.940
1894  12     0.804
1895   1     0.777
1895   2     0.705
1895   3     0.307
1895   4     0.236
1895   5     0.009
1895   6    -0.326
1895   7    -0.425
1895   8     0.307
1895   9    -0.149
1895  10     0.475
1895  11     0.045
1895  12    -0.230
1896   1     0.133
1896   2     0.774
1896   3     0.975
1896   4     0.736
1896   5    -0.003
1896   6    -0.425
1896   7    -0.618
1896   8    -0.617
1896   9    -0.425
1896  10     0.160
1896  11     0.252
1896  12     0.516
1897   1     0.521
1897   2     0.624
1897   3     0.955
1897   4     1.274
1897   5     1.327
1897   6     1.101
1897   7     0.540
1897   8     0.112
1897   9     0.078
1897  10     0.453
1897  11     0.115
1897  12    -0.150
1898   1    -0.479
1898   2    -0.655
1898   3    -0.461
1898   4    -0.110
1898   5     0.091
1898   6     0.244
1898   7     0.018
1898   8     1.033
1898   9     0.253
1898  10     0.187
1898  11     0.066
1898  12     0.629
1899   1     0.187
1899   2     0.201
1899   3     0.916
1899   4     1.359
1899   5     1.455
1899   6     1.315
1899   7     1.558
1899   8     2.000
1899   9     0.434
1899  10     0.908
1899  11     0.535
1899  12     0.335
1900   1    -0.101
1900   2    -0.080
1900   3    -0.052
1900   4    -0.237
1900   5    -0.812
1900   6    -0.489
1900   7     0.129
1900   8     0.189
1900   9     0.897
1900  10     0.720
1900  11     0.409
1900  12     1.193
1901   1     0.256
1901   2     0.181
1901   3     0.327
1901   4     0.523
1901   5     0.918
1901   6     1.339
1901   7     0.499
1901   8     0.557
1901   9    -0.438
1901  10     0.417
1901  11     0.167
1901  12     0.104
1902   1    -0.193
1902   2     0.181
1902   3     0.230
1902   4    -0.232
1902   5     0.288
1902   6    -0.470
1902   7     0.051
1902   8    -0.139
1902   9    -0.271
1902  10    -0.434
1902  11    -0.569
1902  12     0.265
1903   1    -0.457
1903   2    -0.443
1903   3    -1.001
1903   4    -0.535
1903   5    -1.393
1903   6    -0.989
1903   7    -1.244
1903   8    -2.203
1903   9    -2.212
1903  10    -1.880
1903  11    -1.142
1903  12    -1.606
1904   1    -0.758
1904   2    -1.597
1904   3    -1.142
1904   4    -0.991
1904   5    -0.175
1904   6    -0.984
1904   7    -0.402
1904   8    -1.081
1904   9    -1.524
1904  10    -1.131
1904  11    -1.118
1904  12    -0.554
1905   1    -1.235
1905   2    -0.726
1905   3    -1.412
1905   4    -0.887
1905   5    -0.114
1905   6    -1.640
1905   7    -1.123
1905   8    -1.073
1905   9    -0.817
1905  10     0.216
1905  11    -0.720
1905  12    -0.404
1906   1    -1.125
1906   2    -0.046
1906   3    -0.706
1906   4    -0.981
1906   5    -1.546
1906   6    -0.855
1906   7    -0.808
1906   8    -0.864
1906   9    -0.248
1906  10    -1.049
1906  11    -0.857
1906  12    -0.720
1907   1    -0.428
1907   2    -0.815
1907   3     0.374
1907   4     0.251
1907   5    -0.064
1907   6    -1.101
1907   7    -0.403
1907   8     0.420
1907   9     0.795
1907  10    -0.669
1907  11    -0.128
1907  12    -1.133
1908   1    -0.644
1908   2    -0.307
1908   3    -1.058
1908   4    -1.060
1908   5    -0.998
1908   6    -0.639
1908   7    -0.589
1908   8     0.109
1908   9    -0.228
1908  10    -0.497
1908  11    -0.836
1908  12    -1.077
1909   1    -0.199
1909   2    -0.242
1909   3    -0.660
1909   4    -0.297
1909   5     1.280
1909   6     1.239
1909   7     0.823
1909   8     0.816
1909   9     1.139
1909  10     0.276
1909  11     0.597
1909  12     0.424
1910   1     0.639
1910   2     1.014
1910   3     0.435
1910   4     1.388
1910   5     2.612
1910   6     1.908
1910   7     1.600
1910   8     0.458
1910   9     0.663
1910  10    -0.046
1910  11    -0.026
1910  12    -0.959
1911   1    -1.291
1911   2    -0.675
1911   3    -0.768
1911   4    -0.660
1911   5    -0.564
1911   6    -0.419
1911   7    -0.084
1911   8    -0.616
1911   9    -0.347
1911  10     0.244
1911  11    -0.039
1911  12     0.998
1912   1     1.160
1912   2     1.128
1912   3     0.830
1912   4     0.956
1912   5    -0.884
1912   6     0.275
1912   7     0.440
1912   8     0.476
1912   9     0.575
1912  10     0.111
1912  11     0.952
1912  12     0.556
1913   1     1.089
1913   2    -0.061
1913   3     0.366
1913   4     0.875
1913   5     1.505
1913   6     0.822
1913   7     0.826
1913   8     0.540
1913   9     0.770
1913  10     0.581
1913  11     0.280
1913  12    -0.771
1914   1     0.249
1914   2    -0.226
1914   3    -0.626
1914   4    -1.030
1914   5    -1.527
1914   6    -1.086
1914   7    -0.617
1914   8    -0.002
1914   9     0.755
1914  10     0.693
1914  11     0.410
1914  12    -0.048
1915   1    -0.308
1915   2    -0.220
1915   3    -0.247
1915   4    -0.959
1915   5    -1.063
1915   6    -1.005
1915   7    -0.672
1915   8    -0.344
1915   9     0.401
1915  10     0.170
1915  11    -0.185
1915  12    -0.155
1916   1    -0.324
1916   2     0.232
1916   3     0.122
1916   4     0.326
1916   5    -0.133
1916   6     0.434
1916   7    -0.227
1916   8     0.202
1916   9    -0.008
1916  10    -0.001
1916  11    -0.179
1916  12     0.355
1917   1     0.508
1917   2     0.839
1917   3     0.865
1917   4     0.355
1917   5    -0.648
1917   6    -0.622
1917   7    -0.324
1917   8    -0.118
1917   9     0.206
1917  10    -0.088
1917  11    -0.143
1917  12     0.624
1918   1     0.124
1918   2    -0.110
1918   3    -0.193
1918   4    -0.494
1918   5    -0.752
1918   6    -0.309
1918   7    -1.194
1918   8    -1.004
1918   9    -1.091
1918  10     0.025
1918  11    -0.354
1918  12    -0.301
1919   1    -0.475
1919   2    -0.116
1919   3    -0.737
1919   4    -1.016
1919   5    -1.086
1919   6     0.098
1919   7    -0.289
1919   8    -0.478
1919   9    -0.269
1919  10    -0.358
1919  11     0.508
1919  12     0.204
1920   1     0.214
1920   2     0.889
1920   3     1.404
1920   4     0.886
1920   5    -0.211
1920   6     0.149
1920   7     0.086
1920   8     0.176
1920   9     0.370
1920  10     0.525
1920  11     0.471
1920  12     0.514
1921   1     0.679
1921   2     0.496
1921   3     0.106
1921   4     0.744
1921   5     2.292
1921   6     2.346
1921   7     1.874
1921   8     0.588
1921   9     0.493
1921  10     0.639
1921  11    -0.381
1921  12    -0.961
1922   1    -0.684
1922   2    -1.194
1922   3    -0.216
1922   4    -0.392
1922   5    -0.226
1922   6    -0.650
1922   7    -0.670
1922   8    -0.678
1922   9    -0.258
1922  10    -0.840
1922  11    -0.851
1922  12     0.262
1923   1     0.289
1923   2    -1.069
1923   3    -0.291
1923   4     0.030
1923   5    -0.057
1923   6    -0.679
1923   7    -0.407
1923   8     0.071
1923   9    -0.056
1923  10    -0.163
1923  11     1.147
1923  12     1.819
1924   1     2.007
1924   2     1.733
1924   3     1.582
1924   4     1.345
1924   5     0.777
1924   6     0.129
1924   7     1.143
1924   8     0.476
1924   9    -0.007
1924  10     0.477
1924  11    -0.351
1924  12    -0.578
1925   1    -0.240
1925   2    -0.044
1925   3     1.284
1925   4     0.712
1925   5     1.232
1925   6     0.740
1925   7     0.771
1925   8     1.104
1925   9    -0.116
1925  10    -0.291
1925  11    -0.121
1925  12     0.129
1926   1     0.326
1926   2     0.046
1926   3     0.031
1926   4     0.479
1926   5     0.990
1926   6    -0.051
1926   7    -0.238
1926   8     0.627
1926   9     0.104
1926  10     0.428
1926  11     0.193
1926  12    -0.867
1927   1    -0.113
1927   2    -0.006
1927   3    -0.299
1927   4    -0.176
1927   5    -0.009
1927   6     0.118
1927   7    -0.134
1927   8     0.020
1927   9    -0.207
1927  10     0.180
1927  11     0.392
1927  12     0.593
1928   1    -0.266
1928   2    -0.215
1928   3    -0.428
1928   4    -0.157
1928   5     1.573
1928   6     1.381
1928   7    -0.058
1928   8     0.317
1928   9     0.126
1928  10     0.463
1928  11     0.432
1928  12    -0.159
1929   1    -0.060
1929   2    -0.181
1929   3     0.074
1929   4     0.479
1929   5    -0.663
1929   6    -0.825
1929   7    -0.542
1929   8    -0.125
1929   9    -0.743
1929  10    -0.830
1929  11    -0.257
1929  12    -0.917
1930   1    -1.327
1930   2    -1.503
1930   3    -1.000
1930   4    -0.335
1930   5     0.381
1930   6    -0.283
1930   7     0.401
1930   8    -0.555
1930   9    -0.107
1930  10    -0.001
1930  11    -0.198
1930  12    -0.124
1931   1     0.316
1931   2     0.722
1931   3     1.035
1931   4     0.218
1931   5     0.273
1931   6    -0.516
1931   7    -0.668
1931   8    -1.311
1931   9    -0.285
1931  10    -0.554
1931  11    -0.913
1931  12    -0.838
1932   1    -0.450
1932   2    -0.538
1932   3    -0.789
1932   4    -0.603
1932   5    -0.362
1932   6    -0.810
1932   7    -0.717
1932   8     0.075
1932   9    -0.187
1932  10    -0.087
1932  11     0.292
1932  12     0.569
1933   1     0.461
1933   2     1.122
1933   3     0.876
1933   4     0.254
1933   5    -0.700
1933   6     0.008
1933   7    -0.052
1933   8     0.344
1933   9     0.098
1933  10     0.618
1933  11    -0.243
1933  12     0.391
1934   1     0.517
1934   2     0.405
1934   3     0.482
1934   4     0.913
1934   5     0.923
1934   6     1.628
1934   7     1.913
1934   8     1.540
1934   9     1.299
1934  10     0.874
1934  11     0.517
1934  12     0.915
1935   1     0.369
1935   2     0.515
1935   3     0.015
1935   4    -0.547
1935   5    -0.958
1935   6    -0.279
1935   7     0.084
1935   8     0.164
1935   9     0.069
1935  10     0.397
1935  11    -0.042
1935  12     0.939
1936   1    -0.066
1936   2    -0.749
1936   3    -1.108
1936   4    -0.789
1936   5    -1.350
1936   6    -0.813
1936   7    -0.979
1936   8    -0.470
1936   9     0.185
1936  10    -0.592
1936  11    -0.866
1936  12     0.021
1937   1     0.216
1937   2    -0.693
1937   3     0.313
1937   4     0.340
1937   5     1.353
1937   6     0.759
1937   7     1.085
1937   8     1.191
1937   9     0.849
1937  10     0.553
1937  11     0.725
1937  12     0.731
1938   1     0.612
1938   2     0.263
1938   3     0.429
1938   4     0.364
1938   5    -0.104
1938   6     0.350
1938   7     0.595
1938   8     0.886
1938   9     0.303
1938  10     0.885
1938  11     1.147
1938  12     0.759
1939   1     0.898
1939   2     0.053
1939   3     0.099
1939   4     0.490
1939   5     0.368
1939   6     1.807
1939   7     1.758
1939   8     1.088
1939   9     0.162
1939  10    -0.235
1939  11     0.544
1939  12    -0.616
1940   1     0.457
1940   2     0.689
1940   3     0.051
1940   4    -1.107
1940   5    -2.213
1940   6    -2.682
1940   7    -1.783
1940   8    -0.247
1940   9     0.077
1940  10    -0.778
1940  11    -0.617
1940  12    -1.424
1941   1    -0.821
1941   2    -0.974
1941   3    -1.161
1941   4    -0.725
1941   5    -1.142
1941   6    -0.591
1941   7    -1.157
1941   8    -1.572
1941   9    -0.846
1941  10    -0.165
1941  11    -0.109
1941  12     0.429
1942   1    -1.117
1942   2    -0.941
1942   3    -0.359
1942   4    -0.469
1942   5    -0.378
1942   6    -0.945
1942   7    -0.914
1942   8    -0.915
1942   9     0.121
1942  10    -0.044
1942  11    -0.562
1942  12    -0.111
1943   1    -0.370
1943   2    -0.071
1943   3    -0.043
1943   4    -0.500
1943   5    -0.182
1943   6     0.169
1943   7     0.243
1943   8     0.031
1943   9    -0.951
1943  10    -0.283
1943  11     0.407
1943  12     0.500
1944   1     0.408
1944   2     1.820
1944   3     1.723
1944   4     1.805
1944   5     3.281
1944   6     2.169
1944   7     2.368
1944   8     1.402
1944   9     1.185
1944  10     1.760
1944  11     1.413
1944  12     0.754
1945   1     1.412
1945   2     2.570
1945   3     1.363
1945   4     2.001
1945   5     1.271
1945   6     1.091
1945   7     0.208
1945   8    -0.875
1945   9    -0.622
1945  10    -0.453
1945  11     0.537
1945  12     0.821
1946   1     0.623
1946   2     0.830
1946   3    -0.366
1946   4    -1.187
1946   5    -1.246
1946   6    -0.929
1946   7    -0.979
1946   8    -0.837
1946   9    -0.215
1946  10    -0.300
1946  11    -0.114
1946  12     0.693
1947   1    -1.139
1947   2    -1.247
1947   3    -0.732
1947   4    -1.313
1947   5     0.046
1947   6    -0.225
1947   7    -0.866
1947   8    -0.413
1947   9    -0.133
1947  10    -0.134
1947  11    -0.103
1947  12    -0.080
1948   1    -0.786
1948   2    -0.257
1948   3    -0.467
1948   4    -0.533
1948   5    -1.050
1948   6    -1.178
1948   7    -1.358
1948   8    -1.039
1948   9    -0.163
1948  10     0.016
1948  11     0.030
1948  12    -1.087
1949   1    -0.045
1949   2     0.327
1949   3     0.947
1949   4     1.911
1949   5     1.225
1949   6     1.134
1949   7     1.464
1949   8     1.751
1949   9     1.176
1949  10     0.616
1949  11     1.112
1949  12     0.059
1950   1     1.026
1950   2     0.666
1950   3     0.095
1950   4    -0.599
1950   5     0.793
1950   6     0.651
1950   7    -0.390
1950   8    -0.834
1950   9    -1.753
1950  10    -1.427
1950  11    -0.287
1950  12    -0.514
1951   1    -0.402
1951   2    -0.583
1951   3    -0.754
1951   4     0.454
1951   5    -0.183
1951   6    -0.109
1951   7     0.582
1951   8     0.870
1951   9     1.013
1951  10     1.189
1951  11     0.347
1951  12     0.754
1952   1     0.563
1952   2     1.118
1952   3     0.014
1952   4     1.823
1952   5     0.126
1952   6     1.120
1952   7     0.480
1952   8     0.840
1952   9     0.636
1952  10     0.832
1952  11     0.643
1952  12    -0.201
1953   1     0.362
1953   2     0.121
1953   3     0.510
1953   4     0.643
1953   5     1.124
1953   6     1.461
1953   7     1.124
1953   8    -0.114
1953   9    -0.050
1953  10     0.132
1953  11    -0.185
1953  12     0.200
1954   1    -0.360
1954   2    -1.014
1954   3     0.246
1954   4    -0.881
1954   5    -1.281
1954   6    -0.325
1954   7    -0.186
1954   8     0.009
1954   9    -0.046
1954  10     0.821
1954  11     0.303
1954  12     0.524
1955   1     0.031
1955   2    -0.679
1955   3     0.118
1955   4    -0.429
1955   5    -0.521
1955   6    -0.314
1955   7     0.625
1955   8     0.162
1955   9     0.172
1955  10     0.568
1955  11     0.003
1955  12    -1.069
1956   1    -1.330
1956   2    -0.986
1956   3    -1.587
1956   4    -1.137
1956   5    -0.649
1956   6    -1.110
1956   7    -1.000
1956   8    -0.452
1956   9     0.028
1956  10    -0.682
1956  11    -1.376
1956  12    -1.086
1957   1    -0.915
1957   2    -0.609
1957   3    -0.190
1957   4     0.246
1957   5    -0.342
1957   6    -0.527
1957   7    -0.270
1957   8    -0.230
1957   9     0.358
1957  10    -0.216
1957  11    -0.083
1957  12    -0.261
1958   1    -0.666
1958   2    -1.074
1958   3    -1.279
1958   4    -1.980
1958   5    -3.274
1958   6    -3.469
1958   7    -1.248
1958   8    -1.372
1958   9    -0.462
1958  10    -0.058
1958  11     0.209
1958  12     0.827
1959   1     0.549
1959   2     0.886
1959   3     0.897
1959   4     0.408
1959   5    -0.664
1959   6    -0.917
1959   7    -0.606
1959   8     0.018
1959   9     0.164
1959  10    -0.059
1959  11    -0.301
1959  12    -0.276
1960   1    -0.242
1960   2    -0.016
1960   3    -0.121
1960   4     0.331
1960   5    -0.066
1960   6     0.231
1960   7     0.908
1960   8     1.030
1960   9     0.629
1960  10     0.719
1960  11     0.880
1960  12     0.625
1961   1     0.306
1961   2    -0.540
1961   3     0.252
1961   4    -0.205
1961   5     0.279
1961   6    -0.804
1961   7    -0.477
1961   8     0.060
1961   9     0.669
1961  10     0.246
1961  11     0.537
1961  12     0.152
1962   1     0.271
1962   2     0.125
1962   3    -0.216
1962   4     0.488
1962   5     0.595
1962   6     0.275
1962   7    -0.588
1962   8    -0.481
1962   9    -0.322
1962  10    -0.051
1962  11     0.463
1962  12     0.902
1963   1     1.150
1963   2     1.212
1963   3     1.223
1963   4     1.044
1963   5     2.455
1963   6     2.814
1963   7     2.046
1963   8     1.628
1963   9     0.928
1963  10     0.557
1963  11     0.312
1963  12     0.657
1964   1     1.084
1964   2    -0.422
1964   3    -0.466
1964   4    -0.753
1964   5    -0.397
1964   6    -0.105
1964   7     0.238
1964   8    -0.108
1964   9    -0.736
1964  10    -1.315
1964  11    -1.416
1964  12    -0.500
1965   1     0.183
1965   2     0.927
1965   3     1.118
1965   4     1.137
1965   5     1.614
1965   6     1.130
1965   7    -0.643
1965   8     0.147
1965   9     0.170
1965  10    -0.617
1965  11    -1.128
1965  12    -0.850
1966   1    -0.087
1966   2     0.325
1966   3     0.377
1966   4     0.067
1966   5     0.483
1966   6     0.783
1966   7     0.523
1966   8     0.076
1966   9    -0.099
1966  10    -0.212
1966  11     0.033
1966  12     1.755
1967   1     1.214
1967   2     0.772
1967   3     0.079
1967   4    -0.670
1967   5    -0.759
1967   6    -0.910
1967   7    -0.484
1967   8    -0.359
1967   9    -0.422
1967  10    -1.201
1967  11    -0.107
1967  12     0.077
1968   1     0.367
1968   2     0.328
1968   3     0.468
1968   4     0.956
1968   5     0.525
1968   6     0.295
1968   7     0.017
1968   8    -0.448
1968   9    -0.229
1968  10    -0.017
1968  11    -0.038
1968  12    -0.014
1969   1     0.097
1969   2     0.454
1969   3     0.485
1969   4     0.714
1969   5    -0.279
1969   6    -0.543
1969   7    -1.291
1969   8    -1.023
1969   9    -0.713
1969  10    -0.523
1969  11     0.270
1969  12     0.032
1970   1     0.043
1970   2     0.379
1970   3     0.488
1970   4     0.336
1970   5    -0.333
1970   6    -0.645
1970   7    -0.412
1970   8    -0.135
1970   9    -0.449
1970  10    -0.189
1970  11     0.057
1970  12    -0.178
1971   1    -0.485
1971   2    -0.039
1971   3     0.247
1971   4     0.632
1971   5     1.561
1971   6     1.156
1971   7     0.185
1971   8     0.084
1971   9     0.021
1971  10    -0.500
1971  11    -1.455
1971  12    -2.078
1972   1    -0.607
1972   2    -0.977
1972   3    -0.752
1972   4    -1.007
1972   5    -0.560
1972   6    -0.441
1972   7     0.343
1972   8     0.435
1972   9     0.222
1972  10     0.335
1972  11     0.407
1972  12     1.820
1973   1     1.453
1973   2     1.294
1973   3     0.646
1973   4     0.732
1973   5     1.428
1973   6     0.976
1973   7     2.085
1973   8     1.270
1973   9     1.184
1973  10     1.128
1973  11     0.614
1973  12     0.198
1974   1    -0.029
1974   2    -0.254
1974   3     0.164
1974   4     1.230
1974   5     1.729
1974   6     1.805
1974   7     1.287
1974   8     0.783
1974   9     0.028
1974  10    -0.313
1974  11    -0.718
1974  12    -0.976
1975   1    -0.774
1975   2    -0.508
1975   3    -0.395
1975   4     0.012
1975   5     0.579
1975   6     1.094
1975   7    -0.151
1975   8    -0.321
1975   9     0.051
1975  10    -0.077
1975  11     0.258
1975  12     0.008
1976   1    -0.207
1976   2     0.005
1976   3    -0.199
1976   4    -0.283
1976   5    -0.120
1976   6    -0.736
1976   7    -0.618
1976   8    -0.725
1976   9    -0.315
1976  10    -0.744
1976  11    -0.992
1976  12    -0.335
1977   1    -0.189
1977   2     0.214
1977   3     0.723
1977   4    -0.023
1977   5    -0.373
1977   6    -0.312
1977   7    -0.200
1977   8     0.613
1977   9     0.182
1977  10    -0.295
1977  11    -0.058
1977  12    -1.467
1978   1    -1.298
1978   2    -1.265
1978   3    -2.088
1978   4    -2.964
1978   5    -2.749
1978   6    -1.083
1978   7     0.118
1978   8     0.170
1978   9    -0.735
1978  10    -0.318
1978  11     0.029
1978  12     0.625
1979   1     0.774
1979   2    -0.120
1979   3    -0.805
1979   4    -0.282
1979   5    -0.303
1979   6    -0.922
1979   7    -0.638
1979   8    -0.868
1979   9    -1.264
1979  10    -1.197
1979  11    -0.696
1979  12    -1.290
1980   1    -0.902
1980   2    -1.337
1980   3    -0.962
1980   4    -0.761
1980   5    -1.523
1980   6    -1.983
1980   7    -0.402
1980   8    -0.317
1980   9     0.160
1980  10    -0.029
1980  11    -0.282
1980  12    -0.767
1981   1    -1.224
1981   2    -0.656
1981   3    -1.145
1981   4    -1.348
1981   5    -1.921
1981   6    -1.143
1981   7    -1.544
1981   8    -1.108
1981   9    -0.928
1981  10     0.088
1981  11     0.195
1981  12    -0.382
1982   1    -0.680
1982   2    -1.194
1982   3    -1.563
1982   4    -1.907
1982   5    -2.202
1982   6    -2.893
1982   7    -1.050
1982   8    -1.396
1982   9    -1.088
1982  10    -0.053
1982  11    -0.770
1982  12     0.138
1983   1     0.490
1983   2     0.038
1983   3    -0.725
1983   4    -1.371
1983   5    -1.403
1983   6    -1.589
1983   7    -1.805
1983   8    -1.449
1983   9    -0.436
1983  10     0.086
1983  11    -0.464
1983  12     0.248
1984   1     0.287
1984   2     0.890
1984   3     2.100
1984   4     2.228
1984   5     1.681
1984   6     3.278
1984   7     2.925
1984   8     3.021
1984   9     2.419
1984  10     1.377
1984  11     0.358
1984  12     0.066
1985   1    -0.053
1985   2     0.106
1985   3    -0.443
1985   4    -0.454
1985   5    -0.066
1985   6     0.128
1985   7     0.095
1985   8     0.071
1985   9    -0.289
1985  10    -0.097
1985  11     0.102
1985  12     0.557
1986   1     0.323
1986   2     1.185
1986   3     1.106
1986   4     1.022
1986   5     0.846
1986   6     0.353
1986   7    -1.066
1986   8    -1.051
1986   9    -1.025
1986  10    -1.565
1986  11    -1.557
1986  12    -1.320
1987   1    -1.425
1987   2    -0.711
1987   3    -0.454
1987   4    -0.157
1987   5     0.683
1987   6     0.659
1987   7     0.610
1987   8     0.582
1987   9    -0.087
1987  10     0.462
1987  11     1.076
1987  12    -0.196
1988   1     0.402
1988   2     0.889
1988   3     0.702
1988   4     0.200
1988   5     1.524
1988   6     1.416
1988   7     1.084
1988   8     0.661
1988   9     0.686
1988  10     0.812
1988  11     0.439
1988  12     0.101
1989   1     0.499
1989   2    -0.075
1989   3     0.419
1989   4     0.700
1989   5     1.281
1989   6     1.221
1989   7     0.453
1989   8     0.527
1989   9     0.290
1989  10     0.604
1989  11     0.199
1989  12    -0.519
1990   1    -1.051
1990   2     0.037
1990   3     0.533
1990   4     0.543
1990   5    -0.445
1990   6     0.081
1990   7    -1.436
1990   8    -0.192
1990   9     0.559
1990  10     0.906
1990  11     1.084
1990  12     0.990
1991   1     0.312
1991   2     0.485
1991   3     0.634
1991   4     0.938
1991   5     2.260
1991   6     2.285
1991   7     0.875
1991   8    -0.149
1991   9    -0.401
1991  10    -0.687
1991  11    -1.133
1991  12    -0.947
1992   1    -0.918
1992   2    -0.705
1992   3    -1.387
1992   4    -1.359
1992   5    -1.130
1992   6    -0.884
1992   7    -1.124
1992   8    -1.019
1992   9    -0.294
1992  10    -0.107
1992  11    -0.621
1992  12    -0.087
1993   1     0.217
1993   2    -0.317
1993   3    -0.089
1993   4     0.707
1993   5    -0.214
1993   6    -0.240
1993   7     1.040
1993   8     0.470
1993   9     1.564
1993  10     1.582
1993  11     1.460
1993  12     0.864
1994   1     0.125
1994   2    -0.662
1994   3     0.290
1994   4     0.070
1994   5    -0.079
1994   6    -0.279
1994   7    -0.367
1994   8     0.742
1994   9     0.507
1994  10     1.243
1994  11     1.400
1994  12     1.955
1995   1     1.826
1995   2     1.872
1995   3     2.351
1995   4     2.036
1995   5     1.404
1995   6     1.788
1995   7     1.075
1995   8     0.383
1995   9     0.201
1995  10     0.181
1995  11     0.934
1995  12     0.401
1996   1     0.069
1996   2     0.288
1996   3     0.629
1996   4     1.381
1996   5     0.488
1996   6     0.666
1996   7    -0.043
1996   8    -0.250
1996   9    -0.571
1996  10    -0.453
1996  11    -0.529
1996  12    -1.194
1997   1    -1.219
1997   2    -1.342
1997   3    -1.493
1997   4    -1.582
1997   5    -1.361
1997   6    -1.587
1997   7    -0.208
1997   8     0.275
1997   9     0.372
1997  10     1.252
1997  11     1.254
1997  12     1.661
1998   1     1.404
1998   2     1.072
1998   3     0.779
1998   4     0.429
1998   5     0.745
1998   6     1.439
1998   7     1.456
1998   8     0.682
1998   9     0.914
1998  10     0.530
1998  11     0.336
1998  12     0.129
1999   1     0.623
1999   2     0.464
1999   3     1.008
1999   4     0.969
1999   5     0.867
1999   6     1.059
1999   7     1.242
1999   8     1.187
1999   9     0.190
1999  10     0.017
1999  11     0.421
1999  12     0.545
2000   1     0.242
2000   2     0.369
2000   3     0.391
2000   4     0.459
2000   5     0.455
2000   6     0.186
2000   7     0.499
2000   8     0.153
2000   9    -0.184
2000  10    -0.057
2000  11     0.206
2000  12     0.244
2001   1     0.617
2001   2     0.747
2001   3     1.039
2001   4     1.567
2001   5     1.218
2001   6     0.871
2001   7    -0.374
2001   8    -0.630
2001   9    -0.705
2001  10    -0.730
2001  11    -0.317
2001  12    -0.773
2002   1    -0.731
2002   2    -1.312
2002   3     0.706
2002   4     0.466
2002   5     1.273
2002   6     0.526
2002   7     1.162
2002   8     0.431
2002   9    -0.563
2002  10    -0.375
2002  11    -0.224
2002  12     0.133
2003   1     0.879
2003   2     1.205
2003   3     0.408
2003   4     0.072
2003   5     0.214
2003   6    -0.148
2003   7     1.040
2003   8     0.800
2003   9     0.478
2003  10     0.066
2003  11     0.756
2003  12     1.366
2004   1    -0.058
2004   2    -0.154
2004   3    -1.266
2004   4    -2.025
2004   5    -1.215
2004   6    -0.487
2004   7    -0.069
2004   8     0.135
2004   9     0.646
2004  10     0.201
2004  11     0.643
2004  12     0.869
2005   1     1.177
2005   2     0.888
2005   3     1.005
2005   4    -0.178
2005   5    -1.664
2005   6    -1.686
2005   7    -1.054
2005   8    -0.169
2005   9     0.281
2005  10     0.413
2005  11     0.403
2005  12     0.431
2006   1     0.601
2006   2     0.557
2006   3     0.912
2006   4     0.763
2006   5     0.198
2006   6     1.328
2006   7     0.688
2006   8     0.414
2006   9     0.245
2006  10     0.099
2006  11     0.195
2006  12     0.673
2007   1     1.189
2007   2     0.533
2007   3     0.097
2007   4     0.772
2007   5     1.486
2007   6     0.778
2007   7     0.776
2007   8     0.733
2007   9     1.366
2007  10     0.829
2007  11     0.907
2007  12     0.440
2008   1     0.446
2008   2     0.571
2008   3     0.155
2008   4     0.815
2008   5     1.130
2008   6    -0.490
2008   7     0.867
2008   8     0.819
2008   9     0.498
2008  10     0.132
2008  11     0.551
2008  12     0.979
2009   1     1.048
2009   2     0.432
2009   3    -0.494
2009   4     0.581
2009   5     0.805
2009   6    -0.955
2009   7    -0.055
2009   8     0.112
2009   9     0.527
2009  10     0.577
2009  11     0.806
2009  12     1.421
2010   1     1.678
2010   2     1.007
2010   3    -0.354
2010   4    -0.226
2010   5    -0.645
2010   6     0.264
2010   7    -0.616
2010   8     0.389
2010   9     0.469
2010  10     0.882
2010  11     0.379
2010  12     0.673
2011   1     0.925
2011   2     1.312
2011   3     1.136
2011   4     0.812
2011   5    -0.326
2011   6    -0.242
2011   7    -0.580
2011   8    -0.684
2011   9     0.340
2011  10     0.289
2011  11    -0.922
2011  12    -1.558
2012   1    -0.962
2012   2    -1.126
2012   3    -0.937
2012   4    -0.585
2012   5     0.191
2012   6     0.609
2012   7     0.280
2012   8     0.317
2012   9    -0.304
2012  10     0.457
2012  11     0.939
2012  12     1.601

