
Date        West     East     DMI(=West-East)
1870:1:16:0 -0.293059 -0.0351939 -0.257865
1870:2:16:0 -0.416493 -0.261713 -0.15478
1870:3:16:0 0.0216882 -0.318718 0.340406
1870:4:16:0 0.124107 -0.0332099 0.157317
1870:5:16:0 -0.293801 -0.0388107 -0.254991
1870:6:16:0 -0.366836 -0.0461273 -0.320709
1870:7:16:0 -0.286013 0.0360145 -0.322028
1870:8:16:0 -0.0617529 0.137766 -0.199519
1870:9:16:0 -0.232152 0.0914429 -0.323595
1870:10:16:0 -0.19914 0.0376792 -0.236819
1870:11:16:0 -0.129499 -0.00361675 -0.125882
1870:12:16:0 -0.183778 -0.0452755 -0.138503
1871:1:16:0 -0.0866769 0.00330668 -0.0899836
1871:2:16:0 -0.112882 -0.129448 0.0165662
1871:3:16:0 -0.170153 -0.132594 -0.0375589
1871:4:16:0 -0.175363 -0.236668 0.0613052
1871:5:16:0 -0.258175 -0.366863 0.108688
1871:6:16:0 -0.347951 -0.402121 0.0541702
1871:7:16:0 -0.217571 -0.10272 -0.114851
1871:8:16:0 -0.200979 -0.14274 -0.0582398
1871:9:16:0 -0.350536 -0.423274 0.0727372
1871:10:16:0 -0.445683 -0.314923 -0.13076
1871:11:16:0 -0.14321 -0.208837 0.0656273
1871:12:16:0 -0.224983 -0.230455 0.00547267
1872:1:16:0 -0.178852 -0.328861 0.150009
1872:2:16:0 -0.0661921 -0.28459 0.218398
1872:3:16:0 -0.112729 -0.208721 0.0959925
1872:4:16:0 -0.186227 -0.309414 0.123187
1872:5:16:0 -0.00909929 -0.0878916 0.0787923
1872:6:16:0 0.0391564 -0.0885964 0.127753
1872:7:16:0 -0.0706255 -0.103076 0.0324508
1872:8:16:0 -0.152729 -0.144389 -0.00834042
1872:9:16:0 -0.109249 -0.174422 0.0651724
1872:10:16:0 -0.0727946 -0.194999 0.122205
1872:11:16:0 0.118204 -0.0495238 0.167728
1872:12:16:0 -0.152317 -0.264862 0.112545
1873:1:16:0 -0.0954725 -0.337342 0.24187
1873:2:16:0 -0.469373 -0.337177 -0.132195
1873:3:16:0 -0.585553 -0.363415 -0.222138
1873:4:16:0 -0.305044 -0.241718 -0.063326
1873:5:16:0 -0.495758 -0.308153 -0.187605
1873:6:16:0 -0.55347 -0.191698 -0.361772
1873:7:16:0 -0.522276 -0.157046 -0.365231
1873:8:16:0 -0.521428 -0.034715 -0.486713
1873:9:16:0 -0.207301 0.0803281 -0.287629
1873:10:16:0 -0.34927 -0.253966 -0.095304
1873:11:16:0 -0.27322 -0.194257 -0.0789633
1873:12:16:0 -0.368054 -0.295693 -0.0723608
1874:1:16:0 -0.14079 0.0540488 -0.194839
1874:2:16:0 -0.282069 -0.0904522 -0.191616
1874:3:16:0 -0.189539 0.218541 -0.40808
1874:4:16:0 -0.404162 0.140861 -0.545023
1874:5:16:0 -0.36584 -0.158292 -0.207549
1874:6:16:0 -0.306264 -0.0635437 -0.24272
1874:7:16:0 -0.0326171 -0.0137435 -0.0188737
1874:8:16:0 -0.41126 -0.376223 -0.0350374
1874:9:16:0 -0.422339 -0.0189904 -0.403349
1874:10:16:0 -0.746923 0.000142319 -0.747066
1874:11:16:0 -0.68434 -0.359003 -0.325337
1874:12:16:0 -0.602893 -0.0527173 -0.550176
1875:1:16:0 -0.319339 -0.0672306 -0.252109
1875:2:16:0 -0.275644 -0.27923 0.00358525
1875:3:16:0 -0.25895 -0.341068 0.0821179
1875:4:16:0 -0.269681 -0.51551 0.24583
1875:5:16:0 -0.0648082 -0.158489 0.0936809
1875:6:16:0 -0.277124 -0.400052 0.122928
1875:7:16:0 -0.547908 -0.360516 -0.187391
1875:8:16:0 -0.343719 -0.410453 0.066734
1875:9:16:0 -0.329475 -0.342042 0.0125678
1875:10:16:0 -0.27074 -0.0135069 -0.257233
1875:11:16:0 -0.279749 0.333456 -0.613206
1875:12:16:0 -0.498357 -0.274338 -0.22402
1876:1:16:0 -0.526576 -0.350645 -0.175931
1876:2:16:0 -0.520408 -0.200023 -0.320385
1876:3:16:0 -0.283537 -0.0470933 -0.236444
1876:4:16:0 -0.329786 -0.0626403 -0.267145
1876:5:16:0 -0.347502 -0.109628 -0.237874
1876:6:16:0 -0.61632 -0.408528 -0.207792
1876:7:16:0 -0.467438 -0.394282 -0.0731556
1876:8:16:0 -0.339033 -0.391642 0.0526094
1876:9:16:0 -0.353363 -0.656674 0.303311
1876:10:16:0 -0.403711 -0.577654 0.173943
1876:11:16:0 -0.54117 -0.462874 -0.0782953
1876:12:16:0 -0.472212 -0.410435 -0.0617777
1877:1:16:0 -0.399243 -0.272344 -0.126899
1877:2:16:0 0.0720294 -0.469706 0.541735
1877:3:16:0 0.0380924 -0.258686 0.296779
1877:4:16:0 -0.273068 -0.1865 -0.086568
1877:5:16:0 -0.433332 0.0238029 -0.457135
1877:6:16:0 -0.116143 0.162656 -0.278799
1877:7:16:0 0.0341745 0.3003 -0.266125
1877:8:16:0 0.181172 -0.343296 0.524468
1877:9:16:0 0.496688 -0.407037 0.903725
1877:10:16:0 0.430087 -0.369006 0.799093
1877:11:16:0 0.400865 -0.41984 0.820706
1877:12:16:0 0.42719 0.0474838 0.379706
1878:1:16:0 0.464548 0.54027 -0.0757225
1878:2:16:0 0.639339 0.85606 -0.216721
1878:3:16:0 0.628273 0.480623 0.14765
1878:4:16:0 0.567639 0.44835 0.119289
1878:5:16:0 0.380138 0.51276 -0.132622
1878:6:16:0 0.380381 0.474244 -0.0938627
1878:7:16:0 0.353331 0.409616 -0.0562855
1878:8:16:0 0.271771 0.23663 0.0351414
1878:9:16:0 0.0672882 -0.112919 0.180207
1878:10:16:0 0.0220765 0.303227 -0.281151
1878:11:16:0 -0.177962 0.00136292 -0.179325
1878:12:16:0 -0.0827982 0.147901 -0.2307
1879:1:16:0 -0.0812251 0.149925 -0.23115
1879:2:16:0 -0.195055 0.0277838 -0.222838
1879:3:16:0 -0.156958 0.118852 -0.27581
1879:4:16:0 -0.338495 -0.0076679 -0.330827
1879:5:16:0 -0.269393 0.00943133 -0.278824
1879:6:16:0 -0.117671 -0.0558994 -0.0617711
1879:7:16:0 -0.0782749 -0.0405143 -0.0377606
1879:8:16:0 -0.358854 -0.038638 -0.320216
1879:9:16:0 -0.293226 -0.0974554 -0.195771
1879:10:16:0 -0.51398 -0.130152 -0.383828
1879:11:16:0 -0.692658 -0.215789 -0.476869
1879:12:16:0 -0.65373 -0.28745 -0.36628
1880:1:16:0 -0.633915 -0.369633 -0.264282
1880:2:16:0 -0.285259 -0.216704 -0.0685548
1880:3:16:0 -0.226795 -0.075583 -0.151212
1880:4:16:0 -0.0493762 -0.257393 0.208017
1880:5:16:0 -0.298378 -0.388043 0.0896652
1880:6:16:0 -0.47444 -0.391177 -0.0832631
1880:7:16:0 -0.273301 -0.0711829 -0.202118
1880:8:16:0 -0.0725983 0.194059 -0.266657
1880:9:16:0 -0.203168 -0.0430442 -0.160124
1880:10:16:0 -0.336937 0.0159104 -0.352847
1880:11:16:0 -0.148841 0.119681 -0.268522
1880:12:16:0 -0.160193 -0.0527921 -0.107401
1881:1:16:0 -0.298519 -0.327434 0.0289155
1881:2:16:0 -0.303606 0.0111336 -0.314739
1881:3:16:0 0.0392487 0.216767 -0.177518
1881:4:16:0 0.0616771 0.311621 -0.249943
1881:5:16:0 0.264637 0.175984 0.0886524
1881:6:16:0 0.204359 -0.182375 0.386734
1881:7:16:0 0.304143 0.111495 0.192648
1881:8:16:0 0.289443 0.0551893 0.234253
1881:9:16:0 0.115548 0.0268567 0.0886916
1881:10:16:0 -0.0155046 0.0428566 -0.0583611
1881:11:16:0 -0.143499 -0.0580872 -0.0854116
1881:12:16:0 -0.177341 0.0789858 -0.256327
1882:1:16:0 -0.117714 0.247766 -0.365481
1882:2:16:0 -0.115016 0.362614 -0.47763
1882:3:16:0 -0.0211923 -0.0429398 0.0217475
1882:4:16:0 0.0545217 -0.00782737 0.062349
1882:5:16:0 -0.0295208 -0.182289 0.152768
1882:6:16:0 -0.211199 -0.353427 0.142228
1882:7:16:0 -0.159143 -0.250383 0.0912401
1882:8:16:0 -0.188165 -0.00513285 -0.183032
1882:9:16:0 -0.194686 0.0524678 -0.247153
1882:10:16:0 -0.166559 -0.0496677 -0.116891
1882:11:16:0 -0.358371 -0.26754 -0.090831
1882:12:16:0 -0.522548 -0.337185 -0.185363
1883:1:16:0 -0.184775 0.329172 -0.513947
1883:2:16:0 -0.0505639 -0.0304988 -0.0200651
1883:3:16:0 -0.263596 -0.132166 -0.13143
1883:4:16:0 -0.243157 -0.331894 0.0887368
1883:5:16:0 -0.20331 -0.232975 0.0296648
1883:6:16:0 0.189971 0.0590389 0.130932
1883:7:16:0 0.0484758 0.00622167 0.0422542
1883:8:16:0 -0.153439 -0.339497 0.186058
1883:9:16:0 -0.328233 -0.217626 -0.110607
1883:10:16:0 -0.343692 -0.377925 0.034233
1883:11:16:0 -0.354841 -0.281428 -0.0734136
1883:12:16:0 -0.544912 -0.45688 -0.0880315
1884:1:16:0 -0.595109 -0.381278 -0.213832
1884:2:16:0 -0.334047 -0.342987 0.00893977
1884:3:16:0 -0.262835 -0.117054 -0.145781
1884:4:16:0 -0.0257518 -0.311909 0.286157
1884:5:16:0 0.1405 -0.329578 0.470078
1884:6:16:0 -0.255592 -0.272961 0.0173687
1884:7:16:0 0.115447 -0.199295 0.314741
1884:8:16:0 0.0929321 0.0887052 0.0042269
1884:9:16:0 0.072686 0.150918 -0.0782325
1884:10:16:0 -0.0171677 -0.0502365 0.0330689
1884:11:16:0 -0.228279 -0.0347121 -0.193567
1884:12:16:0 -0.188786 -0.00885909 -0.179927
1885:1:16:0 -0.213956 0.0666575 -0.280614
1885:2:16:0 -0.265624 -0.373813 0.108188
1885:3:16:0 -0.211989 -0.210676 -0.00131214
1885:4:16:0 -0.222648 -0.224739 0.00209086
1885:5:16:0 -0.237044 -0.256517 0.0194733
1885:6:16:0 -0.422943 -0.513104 0.0901612
1885:7:16:0 -0.426839 -0.531409 0.10457
1885:8:16:0 -0.29982 -0.388923 0.089103
1885:9:16:0 -0.162529 -0.211864 0.0493352
1885:10:16:0 -0.150132 -0.313089 0.162957
1885:11:16:0 -0.190665 0.00536082 -0.196026
1885:12:16:0 -0.146563 0.0141734 -0.160736
1886:1:16:0 -0.158642 0.264356 -0.422998
1886:2:16:0 -0.344319 0.229895 -0.574214
1886:3:16:0 0.0395253 0.327209 -0.287684
1886:4:16:0 0.130294 0.198682 -0.068388
1886:5:16:0 -0.145492 0.0707098 -0.216202
1886:6:16:0 -0.317826 -0.182681 -0.135145
1886:7:16:0 -0.484976 -0.0828733 -0.402102
1886:8:16:0 -0.417547 0.179538 -0.597085
1886:9:16:0 -0.507811 0.073082 -0.580894
1886:10:16:0 -0.592136 -0.0996418 -0.492494
1886:11:16:0 -0.520041 -0.117729 -0.402312
1886:12:16:0 -0.706735 -0.387925 -0.31881
1887:1:16:0 -0.450063 -0.179039 -0.271024
1887:2:16:0 -0.409198 -0.216045 -0.193153
1887:3:16:0 -0.325043 -0.223347 -0.101696
1887:4:16:0 -0.468411 -0.424661 -0.04375
1887:5:16:0 -0.505959 -0.454427 -0.0515314
1887:6:16:0 -0.440436 -0.494424 0.0539877
1887:7:16:0 -0.26 -0.354798 0.0947975
1887:8:16:0 -0.13131 -0.432105 0.300795
1887:9:16:0 -0.554319 -0.663686 0.109367
1887:10:16:0 -0.406921 -0.290757 -0.116164
1887:11:16:0 -0.335291 -0.330564 -0.00472671
1887:12:16:0 -0.467536 -0.409233 -0.0583034
1888:1:16:0 -0.641189 -0.491255 -0.149934
1888:2:16:0 -0.484031 -0.0670531 -0.416977
1888:3:16:0 -0.501533 0.0520958 -0.553629
1888:4:16:0 -0.494016 0.14642 -0.640436
1888:5:16:0 -0.181815 0.0875399 -0.269355
1888:6:16:0 -0.31889 -0.112856 -0.206034
1888:7:16:0 -0.307021 -0.176505 -0.130516
1888:8:16:0 -0.045853 0.0080425 -0.0538955
1888:9:16:0 -0.240858 -0.115626 -0.125232
1888:10:16:0 0.0412201 0.0842589 -0.0430388
1888:11:16:0 -0.106916 0.173697 -0.280613
1888:12:16:0 -0.0888092 0.129667 -0.218476
1889:1:16:0 -0.13911 0.343505 -0.482615
1889:2:16:0 0.0846758 0.147194 -0.062518
1889:3:16:0 -0.0477326 0.438904 -0.486637
1889:4:16:0 -0.262246 0.348319 -0.610564
1889:5:16:0 -0.0925383 0.339526 -0.432065
1889:6:16:0 -0.261278 0.0772982 -0.338577
1889:7:16:0 -0.142943 0.0465835 -0.189526
1889:8:16:0 -0.224821 0.115732 -0.340553
1889:9:16:0 -0.346843 0.167738 -0.514582
1889:10:16:0 -0.65142 0.0853941 -0.736814
1889:11:16:0 -0.654304 -0.0748927 -0.579412
1889:12:16:0 -0.517756 -0.354276 -0.163481
1890:1:16:0 -0.496714 -0.592385 0.0956718
1890:2:16:0 -0.424393 -0.554651 0.130257
1890:3:16:0 -0.23115 -0.199573 -0.0315776
1890:4:16:0 -0.391481 -0.387467 -0.00401407
1890:5:16:0 -0.587218 -0.478376 -0.108841
1890:6:16:0 -0.837153 -0.294897 -0.542257
1890:7:16:0 -0.907419 -0.322689 -0.58473
1890:8:16:0 -0.899219 -0.524454 -0.374765
1890:9:16:0 -1.01616 -0.346221 -0.669935
1890:10:16:0 -0.934868 -0.175083 -0.759785
1890:11:16:0 -0.93635 -0.320345 -0.616005
1890:12:16:0 -0.645807 -0.311615 -0.334192
1891:1:16:0 -0.48128 -0.359398 -0.121882
1891:2:16:0 -0.453866 -0.0633368 -0.390529
1891:3:16:0 -0.386165 0.0567358 -0.442901
1891:4:16:0 -0.225361 -0.140069 -0.0852914
1891:5:16:0 -0.332141 -0.229993 -0.102148
1891:6:16:0 -0.216506 -0.333228 0.116722
1891:7:16:0 -0.470067 -0.492315 0.0222486
1891:8:16:0 -0.319839 -0.624471 0.304632
1891:9:16:0 -0.261779 -0.584833 0.323054
1891:10:16:0 -0.248836 -0.525546 0.27671
1891:11:16:0 -0.257975 -0.403922 0.145946
1891:12:16:0 -0.0969115 -0.389715 0.292804
1892:1:16:0 -0.14551 -0.0930644 -0.0524459
1892:2:16:0 0.00529073 0.13962 -0.134329
1892:3:16:0 -0.155768 -0.127753 -0.0280147
1892:4:16:0 -0.215854 -0.109518 -0.106336
1892:5:16:0 -0.054038 -0.00403276 -0.0500053
1892:6:16:0 -0.0776931 0.188878 -0.266572
1892:7:16:0 -0.499042 -0.175984 -0.323058
1892:8:16:0 -0.651886 0.0712293 -0.723115
1892:9:16:0 -0.542454 0.228332 -0.770785
1892:10:16:0 -0.721698 -0.302932 -0.418766
1892:11:16:0 -0.675495 -0.510439 -0.165056
1892:12:16:0 -0.786004 -0.526893 -0.25911
1893:1:16:0 -0.744217 -0.495312 -0.248905
1893:2:16:0 -0.722435 -0.453597 -0.268839
1893:3:16:0 -0.344478 -0.109579 -0.234899
1893:4:16:0 -0.52275 -0.15419 -0.36856
1893:5:16:0 -0.53494 -0.251777 -0.283162
1893:6:16:0 -0.537019 -0.240015 -0.297004
1893:7:16:0 -0.342743 -0.118244 -0.224499
1893:8:16:0 -0.473064 -0.0395193 -0.433545
1893:9:16:0 -0.417549 -0.134356 -0.283193
1893:10:16:0 -0.498206 -0.109146 -0.38906
1893:11:16:0 -0.531613 -0.307502 -0.224111
1893:12:16:0 -0.45544 -0.328647 -0.126793
1894:1:16:0 -0.38684 -0.505887 0.119047
1894:2:16:0 -0.334621 -0.266873 -0.0677483
1894:3:16:0 -0.360011 -0.270756 -0.0892545
1894:4:16:0 -0.320279 -0.215368 -0.104911
1894:5:16:0 -0.437612 -0.45586 0.0182482
1894:6:16:0 -0.439438 -0.566602 0.127164
1894:7:16:0 -0.420395 -0.567583 0.147189
1894:8:16:0 -0.354882 -0.792284 0.437401
1894:9:16:0 -0.499541 -0.568804 0.0692626
1894:10:16:0 -0.464347 -0.522856 0.0585091
1894:11:16:0 -0.483246 -0.480557 -0.00268933
1894:12:16:0 -0.377143 -0.360499 -0.0166446
1895:1:16:0 -0.39789 -0.39953 0.00164044
1895:2:16:0 -0.25154 -0.381426 0.129885
1895:3:16:0 -0.247974 -0.306581 0.0586073
1895:4:16:0 -0.313044 -0.341373 0.0283284
1895:5:16:0 -0.310149 -0.387577 0.0774277
1895:6:16:0 -0.237862 -0.33941 0.101548
1895:7:16:0 -0.376534 -0.291275 -0.0852586
1895:8:16:0 -0.0613877 -0.297744 0.236356
1895:9:16:0 -0.129984 -0.22092 0.0909365
1895:10:16:0 -0.0767551 -0.305469 0.228714
1895:11:16:0 -0.166592 0.0482113 -0.214803
1895:12:16:0 -0.240127 -0.106213 -0.133914
1896:1:16:0 -0.102994 0.085386 -0.18838
1896:2:16:0 -0.208104 0.178215 -0.386319
1896:3:16:0 -0.212939 0.171034 -0.383973
1896:4:16:0 -0.046163 0.029266 -0.075429
1896:5:16:0 0.0241824 0.00399789 0.0201845
1896:6:16:0 0.0253452 -0.0434484 0.0687935
1896:7:16:0 0.0054391 -0.216114 0.221553
1896:8:16:0 -0.0917563 -0.264949 0.173193
1896:9:16:0 -0.0169952 -0.394572 0.377577
1896:10:16:0 0.0778439 -0.600061 0.677905
1896:11:16:0 -0.108767 -0.413998 0.305231
1896:12:16:0 0.189145 -0.130531 0.319676
1897:1:16:0 0.0966602 0.103065 -0.00640525
1897:2:16:0 0.12888 0.257762 -0.128882
1897:3:16:0 0.14179 0.253812 -0.112023
1897:4:16:0 0.0527365 0.021262 0.0314745
1897:5:16:0 -0.0500863 -0.10015 0.0500637
1897:6:16:0 -0.065804 -0.036353 -0.0294509
1897:7:16:0 0.204914 0.130906 0.0740087
1897:8:16:0 0.288374 0.206039 0.0823357
1897:9:16:0 0.00588782 0.168033 -0.162145
1897:10:16:0 -0.216803 0.504491 -0.721294
1897:11:16:0 -0.477985 0.138363 -0.616348
1897:12:16:0 -0.361136 0.142771 -0.503908
1898:1:16:0 -0.395534 -0.0408532 -0.35468
1898:2:16:0 -0.381817 -0.129719 -0.252097
1898:3:16:0 -0.521341 -0.364793 -0.156548
1898:4:16:0 -0.334201 -0.17189 -0.162311
1898:5:16:0 -0.368491 -0.114842 -0.253648
1898:6:16:0 -0.414071 -0.208507 -0.205564
1898:7:16:0 -0.374695 0.105062 -0.479757
1898:8:16:0 -0.445998 0.0497372 -0.495735
1898:9:16:0 -0.438766 0.0482585 -0.487024
1898:10:16:0 -0.420853 0.09776 -0.518613
1898:11:16:0 -0.535164 -0.161445 -0.373719
1898:12:16:0 -0.525571 -0.292578 -0.232992
1899:1:16:0 -0.680898 -0.461477 -0.219421
1899:2:16:0 -0.629754 -0.53182 -0.0979343
1899:3:16:0 -0.54526 -0.54883 0.0035702
1899:4:16:0 -0.426198 -0.503442 0.0772444
1899:5:16:0 -0.297082 -0.436249 0.139167
1899:6:16:0 -0.500005 -0.343859 -0.156146
1899:7:16:0 -0.45457 -0.213857 -0.240713
1899:8:16:0 -0.40474 -0.277574 -0.127166
1899:9:16:0 -0.760138 -0.240369 -0.519768
1899:10:16:0 -0.201204 -0.168173 -0.0330315
1899:11:16:0 -0.320188 -0.161839 -0.158349
1899:12:16:0 -0.360476 0.146296 -0.506772
1900:1:16:0 -0.181494 0.0979216 -0.279416
1900:2:16:0 0.0920784 0.201473 -0.109395
1900:3:16:0 -0.116093 0.175631 -0.291723
1900:4:16:0 0.0879192 0.199691 -0.111772
1900:5:16:0 0.0661469 -0.00350956 0.0696564
1900:6:16:0 0.0637115 -0.112456 0.176168
1900:7:16:0 -0.0158942 -0.022472 0.00657781
1900:8:16:0 -0.153825 0.0173975 -0.171222
1900:9:16:0 -0.105974 0.0324488 -0.138423
1900:10:16:0 -0.184961 -0.148623 -0.0363386
1900:11:16:0 -0.0658679 -0.146039 0.0801711
1900:12:16:0 -0.115312 0.284664 -0.399976
1901:1:16:0 -0.0407005 0.309502 -0.350202
1901:2:16:0 -0.480256 0.195094 -0.67535
1901:3:16:0 -0.435966 0.113276 -0.549242
1901:4:16:0 -0.247732 0.0603464 -0.308079
1901:5:16:0 -0.278641 0.0432889 -0.32193
1901:6:16:0 -0.464177 -0.0722152 -0.391962
1901:7:16:0 -0.626749 -0.242489 -0.38426
1901:8:16:0 -0.5492 -0.035239 -0.513961
1901:9:16:0 -0.780959 -0.155688 -0.625271
1901:10:16:0 -0.480136 -0.103753 -0.376383
1901:11:16:0 -0.542153 -0.0889129 -0.45324
1901:12:16:0 -0.46244 -0.0272233 -0.435217
1902:1:16:0 -0.313335 -0.0447497 -0.268586
1902:2:16:0 -0.251348 0.00464626 -0.255994
1902:3:16:0 -0.268447 -0.205954 -0.0624926
1902:4:16:0 -0.0831735 -0.346807 0.263633
1902:5:16:0 -0.171597 -0.350704 0.179107
1902:6:16:0 -0.0893814 -0.216107 0.126726
1902:7:16:0 -0.180977 -0.429866 0.248889
1902:8:16:0 0.0208024 -0.620385 0.641187
1902:9:16:0 -0.104052 -0.701422 0.59737
1902:10:16:0 -0.0896122 -0.24012 0.150508
1902:11:16:0 -0.229971 -0.455422 0.22545
1902:12:16:0 -0.18876 -0.151827 -0.0369335
1903:1:16:0 -0.272406 0.0179251 -0.290331
1903:2:16:0 -0.290963 0.0866387 -0.377602
1903:3:16:0 -0.256896 -0.0594377 -0.197458
1903:4:16:0 -0.380317 0.0344942 -0.414811
1903:5:16:0 -0.251314 -0.218276 -0.0330383
1903:6:16:0 -0.14412 -0.0306669 -0.113453
1903:7:16:0 -0.337075 -0.0528341 -0.284241
1903:8:16:0 -0.191578 -0.0607881 -0.13079
1903:9:16:0 -0.36321 -0.0772361 -0.285974
1903:10:16:0 -0.671001 -0.0345494 -0.636452
1903:11:16:0 -0.658475 -0.314937 -0.343538
1903:12:16:0 -0.530252 -0.332769 -0.197483
1904:1:16:0 -0.664979 -0.638223 -0.0267564
1904:2:16:0 -0.387922 -0.349739 -0.0381833
1904:3:16:0 -0.48028 -0.437962 -0.0423182
1904:4:16:0 -0.443674 -0.627337 0.183662
1904:5:16:0 -0.44664 -0.420665 -0.0259752
1904:6:16:0 -0.36932 -0.308058 -0.0612625
1904:7:16:0 -0.255543 -0.301774 0.0462306
1904:8:16:0 -0.367639 -0.27039 -0.0972488
1904:9:16:0 -0.45945 -0.180865 -0.278585
1904:10:16:0 -0.204069 -0.359032 0.154962
1904:11:16:0 -0.333621 -0.267959 -0.0656616
1904:12:16:0 -0.443936 -0.0426157 -0.40132
1905:1:16:0 -0.450316 -0.0475568 -0.402759
1905:2:16:0 -0.201023 -0.0193096 -0.181713
1905:3:16:0 -0.208388 0.0918476 -0.300236
1905:4:16:0 -0.515972 -0.261061 -0.254911
1905:5:16:0 -0.292473 -0.324646 0.0321738
1905:6:16:0 -0.109846 0.117911 -0.227757
1905:7:16:0 -0.157646 -0.213667 0.056021
1905:8:16:0 -0.235247 -0.325126 0.0898788
1905:9:16:0 0.0111142 -0.406109 0.417223
1905:10:16:0 -0.220557 -0.14081 -0.0797468
1905:11:16:0 -0.142556 0.0215204 -0.164077
1905:12:16:0 -0.0978182 0.228378 -0.326196
1906:1:16:0 -0.185689 0.224384 -0.410073
1906:2:16:0 0.0616042 0.357489 -0.295885
1906:3:16:0 -0.179737 0.158029 -0.337766
1906:4:16:0 -0.361038 0.211803 -0.572841
1906:5:16:0 -0.166431 0.0208802 -0.187311
1906:6:16:0 -0.135841 0.0266525 -0.162494
1906:7:16:0 -0.520043 0.139459 -0.659502
1906:8:16:0 -0.475586 0.283839 -0.759425
1906:9:16:0 -0.742988 0.475718 -1.21871
1906:10:16:0 -0.478384 0.129564 -0.607948
1906:11:16:0 -0.598458 -0.0884104 -0.510048
1906:12:16:0 -0.5026 -0.395428 -0.107172
1907:1:16:0 -0.206007 -0.0310825 -0.174925
1907:2:16:0 -0.188748 -0.196396 0.00764772
1907:3:16:0 -0.220579 -0.346786 0.126207
1907:4:16:0 -0.186736 -0.0306355 -0.1561
1907:5:16:0 -0.382135 -0.3092 -0.0729354
1907:6:16:0 -0.503389 -0.380212 -0.123177
1907:7:16:0 -0.535864 -0.260861 -0.275003
1907:8:16:0 -0.796558 -0.175601 -0.620957
1907:9:16:0 -0.309789 -0.18346 -0.126329
1907:10:16:0 -0.26603 -0.251425 -0.0146045
1907:11:16:0 -0.277939 -0.173117 -0.104823
1907:12:16:0 -0.172426 -0.186763 0.0143368
1908:1:16:0 -0.224604 -0.0223686 -0.202235
1908:2:16:0 -0.224891 -0.0683628 -0.156528
1908:3:16:0 -0.443905 -0.360313 -0.0835922
1908:4:16:0 -0.533193 0.0411224 -0.574315
1908:5:16:0 -0.224704 -0.222312 -0.00239287
1908:6:16:0 -0.0185845 -0.278165 0.25958
1908:7:16:0 -0.403766 -0.134972 -0.268794
1908:8:16:0 -0.166972 -0.020544 -0.146428
1908:9:16:0 -0.285538 -0.35936 0.0738224
1908:10:16:0 -0.201912 -0.126566 -0.075346
1908:11:16:0 -0.324851 -0.107707 -0.217144
1908:12:16:0 -0.560557 -0.218492 -0.342065
1909:1:16:0 -0.521296 0.0110403 -0.532336
1909:2:16:0 -0.451698 -0.152233 -0.299466
1909:3:16:0 -0.406629 -0.0345049 -0.372124
1909:4:16:0 -0.268278 -0.0389392 -0.229339
1909:5:16:0 -0.534289 0.0306821 -0.564971
1909:6:16:0 -0.668245 0.0211541 -0.689399
1909:7:16:0 -0.625806 0.0719501 -0.697756
1909:8:16:0 -0.613174 0.059223 -0.672397
1909:9:16:0 -0.444956 0.0721604 -0.517116
1909:10:16:0 -0.41053 -0.0810102 -0.32952
1909:11:16:0 -0.305716 -0.173477 -0.132238
1909:12:16:0 -0.200331 -0.189155 -0.0111759
1910:1:16:0 -0.321074 0.0384224 -0.359496
1910:2:16:0 -0.406992 -0.425059 0.0180677
1910:3:16:0 -0.499505 -0.180162 -0.319343
1910:4:16:0 -0.671943 -0.495668 -0.176275
1910:5:16:0 -0.551537 -0.255259 -0.296278
1910:6:16:0 -0.424893 -0.18909 -0.235803
1910:7:16:0 -0.562843 0.141377 -0.704219
1910:8:16:0 -0.612109 -0.113645 -0.498464
1910:9:16:0 -0.624996 -0.00727661 -0.61772
1910:10:16:0 -0.629309 0.0154294 -0.644738
1910:11:16:0 -0.65073 -0.257223 -0.393507
1910:12:16:0 -0.447366 -0.394885 -0.0524809
1911:1:16:0 -0.152782 -0.161362 0.0085794
1911:2:16:0 -0.502763 -0.201069 -0.301693
1911:3:16:0 -0.288692 0.269019 -0.557711
1911:4:16:0 -0.560743 -0.0309315 -0.529812
1911:5:16:0 -0.302066 -0.0997068 -0.202359
1911:6:16:0 -0.650157 -0.0592217 -0.590935
1911:7:16:0 -0.577919 -0.135645 -0.442274
1911:8:16:0 -0.336199 -0.0597991 -0.2764
1911:9:16:0 -0.388079 -0.245136 -0.142943
1911:10:16:0 -0.415852 -0.149109 -0.266742
1911:11:16:0 -0.219234 -0.262525 0.0432919
1911:12:16:0 -0.171897 -0.253354 0.081457
1912:1:16:0 -0.165432 -0.0920496 -0.0733821
1912:2:16:0 -0.15633 -0.0450612 -0.111269
1912:3:16:0 -0.20138 -0.312023 0.110642
1912:4:16:0 -0.0237353 0.0287757 -0.052511
1912:5:16:0 -0.121537 -0.284008 0.162471
1912:6:16:0 0.0188296 -0.199534 0.218364
1912:7:16:0 -0.302864 0.0403946 -0.343258
1912:8:16:0 -0.255925 0.197059 -0.452984
1912:9:16:0 -0.205359 0.12088 -0.326239
1912:10:16:0 -0.2278 -0.0215196 -0.20628
1912:11:16:0 -0.439833 0.0111868 -0.451019
1912:12:16:0 -0.446194 -0.186555 -0.259639
1913:1:16:0 -0.316025 -0.26842 -0.0476049
1913:2:16:0 0.0272314 -0.0273331 0.0545645
1913:3:16:0 -0.390728 -0.42093 0.0302017
1913:4:16:0 -0.444547 -0.38317 -0.0613776
1913:5:16:0 -0.301691 -0.341303 0.0396121
1913:6:16:0 -0.214533 -0.533194 0.318661
1913:7:16:0 -0.461448 -0.440939 -0.0205088
1913:8:16:0 -0.577638 -0.406202 -0.171435
1913:9:16:0 -0.337795 -0.26636 -0.0714349
1913:10:16:0 -0.2098 -0.466865 0.257065
1913:11:16:0 -0.127639 -0.16072 0.0330812
1913:12:16:0 -0.0999813 -0.0818508 -0.0181306
1914:1:16:0 -0.130291 -0.0331166 -0.0971741
1914:2:16:0 0.0691288 0.0554282 0.0137006
1914:3:16:0 -0.1319 0.048051 -0.179951
1914:4:16:0 -0.120849 -0.0909785 -0.0298709
1914:5:16:0 -0.0606096 -0.184559 0.123949
1914:6:16:0 0.450746 -0.311596 0.762342
1914:7:16:0 0.346309 -0.0594695 0.405778
1914:8:16:0 0.140585 -0.135112 0.275698
1914:9:16:0 -0.0619201 -0.391723 0.329803
1914:10:16:0 0.122696 -0.206966 0.329661
1914:11:16:0 -0.0380137 0.246437 -0.28445
1914:12:16:0 -0.283163 0.191611 -0.474774
1915:1:16:0 -0.334923 0.104406 -0.439329
1915:2:16:0 -0.319994 0.180913 -0.500907
1915:3:16:0 -0.126353 0.101824 -0.228177
1915:4:16:0 0.123273 0.201206 -0.0779326
1915:5:16:0 -0.0163171 0.247022 -0.26334
1915:6:16:0 0.300212 0.275362 0.0248494
1915:7:16:0 -0.0454162 0.333522 -0.378939
1915:8:16:0 -0.0792919 0.0443701 -0.123662
1915:9:16:0 0.162033 0.140123 0.0219098
1915:10:16:0 0.0186916 -0.060037 0.0787286
1915:11:16:0 0.0237609 -0.0290006 0.0527615
1915:12:16:0 -0.00752482 -0.219562 0.212037
1916:1:16:0 -0.302578 -0.362387 0.0598091
1916:2:16:0 -0.236557 -0.395781 0.159224
1916:3:16:0 -0.139405 -0.375257 0.235852
1916:4:16:0 0.0349527 -0.306976 0.341929
1916:5:16:0 -0.167807 -0.241833 0.0740257
1916:6:16:0 -0.1738 0.00339464 -0.177195
1916:7:16:0 -0.341647 0.0167569 -0.358404
1916:8:16:0 -0.323139 0.206626 -0.529766
1916:9:16:0 -0.45919 0.394217 -0.853407
1916:10:16:0 -0.515535 0.0462733 -0.561808
1916:11:16:0 -0.747223 -0.318969 -0.428254
1916:12:16:0 -0.437415 -0.393945 -0.0434693
1917:1:16:0 -0.417577 -0.579058 0.161482
1917:2:16:0 -0.377992 -0.514749 0.136757
1917:3:16:0 -0.59991 -0.687466 0.0875562
1917:4:16:0 -0.409344 -0.382418 -0.0269252
1917:5:16:0 -0.534575 -0.36478 -0.169795
1917:6:16:0 -0.322011 -0.204522 -0.117488
1917:7:16:0 -0.215982 0.0483894 -0.264371
1917:8:16:0 -0.0245809 0.0901803 -0.114761
1917:9:16:0 -0.129864 0.332892 -0.462756
1917:10:16:0 -0.523178 0.13892 -0.662098
1917:11:16:0 -0.690284 -0.0856485 -0.604636
1917:12:16:0 -0.77609 -0.34735 -0.42874
1918:1:16:0 -0.579049 -0.780186 0.201137
1918:2:16:0 -0.639024 -0.964665 0.325641
1918:3:16:0 -0.487873 -0.766964 0.279091
1918:4:16:0 -0.581749 -0.501414 -0.0803356
1918:5:16:0 -0.522338 -0.333299 -0.189039
1918:6:16:0 -0.343521 -0.366082 0.0225613
1918:7:16:0 -0.141396 -0.334664 0.193268
1918:8:16:0 -0.211743 -0.445957 0.234214
1918:9:16:0 0.0231921 -0.366677 0.389869
1918:10:16:0 0.244751 -0.295663 0.540413
1918:11:16:0 0.350062 -0.124486 0.474548
1918:12:16:0 0.0781775 -0.21201 0.290187
1919:1:16:0 0.237645 0.0809216 0.156724
1919:2:16:0 0.153632 0.0889481 0.064684
1919:3:16:0 -0.0462908 0.0583175 -0.104608
1919:4:16:0 -0.0772324 0.128431 -0.205664
1919:5:16:0 0.0595944 0.227911 -0.168316
1919:6:16:0 0.0517508 0.190285 -0.138534
1919:7:16:0 0.0253345 -0.114617 0.139951
1919:8:16:0 -0.050992 -0.0454257 -0.0055663
1919:9:16:0 0.0978131 -0.0682118 0.166025
1919:10:16:0 -0.170906 -0.216354 0.0454481
1919:11:16:0 -0.474445 -0.489847 0.0154023
1919:12:16:0 -0.406837 -0.23796 -0.168877
1920:1:16:0 -0.0375453 -0.236502 0.198956
1920:2:16:0 -0.0853813 -0.322177 0.236795
1920:3:16:0 0.0204293 -0.287018 0.307448
1920:4:16:0 -0.0565706 -0.319071 0.2625
1920:5:16:0 0.112008 -0.382012 0.494021
1920:6:16:0 -0.22222 -0.378671 0.15645
1920:7:16:0 -0.587784 -0.325859 -0.261925
1920:8:16:0 -0.246512 0.0334304 -0.279943
1920:9:16:0 -0.24689 -0.0369213 -0.209969
1920:10:16:0 -0.340075 -0.283662 -0.0564125
1920:11:16:0 -0.370786 -0.0726986 -0.298087
1920:12:16:0 -0.39677 -0.243416 -0.153354
1921:1:16:0 -0.387993 -0.28222 -0.105773
1921:2:16:0 -0.336545 -0.372408 0.0358623
1921:3:16:0 -0.345017 -0.439492 0.0944752
1921:4:16:0 -0.16826 -0.183039 0.0147789
1921:5:16:0 -0.303511 -0.485679 0.182168
1921:6:16:0 -0.334169 -0.336103 0.0019342
1921:7:16:0 -0.301548 -0.186677 -0.114871
1921:8:16:0 -0.581318 0.0419019 -0.62322
1921:9:16:0 -0.383163 -0.236664 -0.146498
1921:10:16:0 -0.111632 -0.0339754 -0.0776562
1921:11:16:0 -0.340955 -0.142518 -0.198437
1921:12:16:0 -0.107337 0.0423523 -0.14969
1922:1:16:0 -0.28405 -0.0940786 -0.189972
1922:2:16:0 -0.129323 -0.11477 -0.0145524
1922:3:16:0 -0.157743 -0.405226 0.247483
1922:4:16:0 -0.444233 -0.260532 -0.183701
1922:5:16:0 -0.385574 -0.239495 -0.146079
1922:6:16:0 -0.0819846 -0.220192 0.138208
1922:7:16:0 -0.343562 -0.118728 -0.224833
1922:8:16:0 -0.191704 -0.0888238 -0.102881
1922:9:16:0 -0.389766 -0.270754 -0.119012
1922:10:16:0 -0.202933 -0.0640244 -0.138909
1922:11:16:0 -0.252387 0.011196 -0.263583
1922:12:16:0 -0.443556 -0.374498 -0.0690578
1923:1:16:0 -0.432986 -0.416269 -0.0167178
1923:2:16:0 -0.478354 -0.258838 -0.219517
1923:3:16:0 -0.299602 -0.189525 -0.110077
1923:4:16:0 -0.17461 -0.136256 -0.0383541
1923:5:16:0 -0.15039 -0.0658426 -0.0845473
1923:6:16:0 -0.145959 -0.262619 0.11666
1923:7:16:0 -0.320481 -0.237099 -0.0833821
1923:8:16:0 -0.224332 -0.524323 0.299991
1923:9:16:0 -0.13674 -0.767988 0.631248
1923:10:16:0 0.105588 -0.545778 0.651366
1923:11:16:0 0.256137 -0.456478 0.712615
1923:12:16:0 -0.0824647 -0.107731 0.0252667
1924:1:16:0 -0.116158 0.135104 -0.251263
1924:2:16:0 -0.0767753 0.331956 -0.408731
1924:3:16:0 -0.00583303 0.248048 -0.253881
1924:4:16:0 0.00666955 0.0639349 -0.0572653
1924:5:16:0 -0.232615 -0.0545867 -0.178028
1924:6:16:0 -0.16461 0.0508596 -0.21547
1924:7:16:0 -0.138559 -0.0633378 -0.0752212
1924:8:16:0 -0.251263 -0.132967 -0.118295
1924:9:16:0 -0.19752 0.0592759 -0.256796
1924:10:16:0 -0.134221 -0.324381 0.19016
1924:11:16:0 -0.456669 -0.337571 -0.119099
1924:12:16:0 -0.383305 -0.253705 -0.129601
1925:1:16:0 -0.551983 -0.42459 -0.127392
1925:2:16:0 -0.483229 -0.639959 0.156729
1925:3:16:0 -0.310199 -0.474188 0.163989
1925:4:16:0 -0.0728001 -0.755446 0.682645
1925:5:16:0 -0.215523 -0.397031 0.181507
1925:6:16:0 -0.201614 -0.501306 0.299691
1925:7:16:0 -0.0805831 -0.220003 0.13942
1925:8:16:0 -0.132949 -0.400934 0.267985
1925:9:16:0 0.142375 -0.623186 0.76556
1925:10:16:0 0.0677076 -0.41397 0.481678
1925:11:16:0 0.18219 -0.200956 0.383145
1925:12:16:0 -0.0127275 -0.0946016 0.0818741
1926:1:16:0 0.0948619 -0.087132 0.181994
1926:2:16:0 -0.1077 0.0666257 -0.174326
1926:3:16:0 0.153717 0.0243183 0.129399
1926:4:16:0 -3.1348e-05 0.0461082 -0.0461395
1926:5:16:0 0.0909476 -0.0540872 0.145035
1926:6:16:0 0.13382 -0.223355 0.357175
1926:7:16:0 0.215505 0.13333 0.0821746
1926:8:16:0 0.0770896 -0.216332 0.293422
1926:9:16:0 -0.049732 -0.0424563 -0.00727575
1926:10:16:0 0.134802 -0.133527 0.268329
1926:11:16:0 -0.227979 -0.0118767 -0.216102
1926:12:16:0 -0.223926 -0.0413803 -0.182545
1927:1:16:0 -0.317403 -0.3034 -0.0140026
1927:2:16:0 0.190277 -0.0345894 0.224866
1927:3:16:0 -0.246646 -0.219981 -0.0266657
1927:4:16:0 -0.324028 -0.130714 -0.193314
1927:5:16:0 -0.334294 -0.31172 -0.0225744
1927:6:16:0 -0.218868 -0.272873 0.0540048
1927:7:16:0 -0.190834 0.0624825 -0.253316
1927:8:16:0 -0.337276 -0.0380845 -0.299191
1927:9:16:0 -0.260439 0.000938291 -0.261377
1927:10:16:0 -0.209221 0.00113536 -0.210357
1927:11:16:0 -0.188493 -0.182605 -0.00588745
1927:12:16:0 -0.230662 -0.0900144 -0.140648
1928:1:16:0 -0.0361399 0.147931 -0.184071
1928:2:16:0 0.0156895 0.189183 -0.173493
1928:3:16:0 -0.111754 -0.000838616 -0.110916
1928:4:16:0 -0.330255 -0.227191 -0.103065
1928:5:16:0 -0.181218 -0.135544 -0.0456742
1928:6:16:0 -0.194439 0.0552139 -0.249653
1928:7:16:0 -0.32371 -0.000235845 -0.323475
1928:8:16:0 -0.297155 0.273908 -0.571064
1928:9:16:0 -0.169583 0.308536 -0.478119
1928:10:16:0 -0.287566 0.0399852 -0.327551
1928:11:16:0 0.0478528 -0.031163 0.0790158
1928:12:16:0 -0.122109 0.0103529 -0.132462
1929:1:16:0 -0.216783 -0.125252 -0.0915311
1929:2:16:0 -0.348933 -0.180596 -0.168337
1929:3:16:0 -0.270127 -0.205896 -0.0642309
1929:4:16:0 -0.0796442 -0.0661155 -0.0135287
1929:5:16:0 -0.402718 -0.271327 -0.131391
1929:6:16:0 -0.345455 -0.315262 -0.0301929
1929:7:16:0 -0.411808 -0.335084 -0.0767238
1929:8:16:0 -0.377875 -0.198722 -0.179153
1929:9:16:0 -0.12583 -0.20994 0.0841094
1929:10:16:0 -0.113161 -0.145714 0.0325532
1929:11:16:0 -0.100819 -0.0970388 -0.00378066
1929:12:16:0 0.173442 -0.0324651 0.205907
1930:1:16:0 -0.127976 0.107722 -0.235698
1930:2:16:0 -0.196644 0.131754 -0.328398
1930:3:16:0 -0.0128899 0.130761 -0.143651
1930:4:16:0 0.139026 0.183475 -0.0444482
1930:5:16:0 -0.260505 -0.0410394 -0.219465
1930:6:16:0 -0.239584 -0.308557 0.0689724
1930:7:16:0 -0.260934 -0.170855 -0.0900795
1930:8:16:0 -0.163326 -0.134983 -0.0283429
1930:9:16:0 -0.264797 0.143212 -0.408009
1930:10:16:0 0.00107396 0.0330516 -0.0319777
1930:11:16:0 0.280019 -0.103601 0.38362
1930:12:16:0 0.099897 -0.0195934 0.11949
1931:1:16:0 0.318153 0.18599 0.132164
1931:2:16:0 0.425082 0.568528 -0.143447
1931:3:16:0 0.184335 0.563265 -0.37893
1931:4:16:0 0.164664 0.481241 -0.316577
1931:5:16:0 0.304063 0.331683 -0.0276192
1931:6:16:0 0.269174 0.335041 -0.065867
1931:7:16:0 0.279481 0.366674 -0.0871935
1931:8:16:0 0.000874591 0.192465 -0.19159
1931:9:16:0 -0.248479 0.357965 -0.606444
1931:10:16:0 -0.103649 0.0969511 -0.200601
1931:11:16:0 0.13948 0.0487089 0.0907716
1931:12:16:0 -0.387912 0.182358 -0.57027
1932:1:16:0 -0.258134 -0.0213062 -0.236828
1932:2:16:0 -0.435689 -0.0484739 -0.387216
1932:3:16:0 -0.200051 0.0516014 -0.251652
1932:4:16:0 -0.158675 -0.241207 0.082532
1932:5:16:0 -0.108537 0.0328256 -0.141363
1932:6:16:0 -0.176428 -0.0113879 -0.16504
1932:7:16:0 -0.0789023 -0.157072 0.0781699
1932:8:16:0 -0.0882887 0.0872915 -0.17558
1932:9:16:0 -0.187032 -0.174232 -0.0128009
1932:10:16:0 -0.248124 0.0849357 -0.33306
1932:11:16:0 -0.220944 -0.184065 -0.0368795
1932:12:16:0 -0.150689 -0.350843 0.200153
1933:1:16:0 0.0703483 0.0742627 -0.00391436
1933:2:16:0 0.0193875 -0.0780989 0.0974865
1933:3:16:0 -0.0706498 -0.277374 0.206724
1933:4:16:0 -0.0103742 -0.391107 0.380732
1933:5:16:0 -0.0648526 0.052257 -0.11711
1933:6:16:0 -0.142057 -0.0530831 -0.0889735
1933:7:16:0 -0.070514 0.0684131 -0.138927
1933:8:16:0 -0.178844 0.129017 -0.307861
1933:9:16:0 -0.551454 0.60032 -1.15177
1933:10:16:0 -0.420462 0.168582 -0.589045
1933:11:16:0 -0.384487 -0.0602466 -0.324241
1933:12:16:0 -0.339109 -0.108185 -0.230924
1934:1:16:0 -0.662848 -0.250384 -0.412464
1934:2:16:0 -0.671718 -0.600687 -0.071031
1934:3:16:0 -0.678063 -0.677946 -0.000116885
1934:4:16:0 -0.382132 -0.454667 0.0725344
1934:5:16:0 -0.492664 -0.516071 0.023407
1934:6:16:0 -0.117748 -0.312301 0.194554
1934:7:16:0 -0.178184 -0.182198 0.00401357
1934:8:16:0 0.0063121 -0.287306 0.293618
1934:9:16:0 -0.0927742 0.00761511 -0.100389
1934:10:16:0 -0.170925 -0.238728 0.0678033
1934:11:16:0 -0.0292757 -0.154747 0.125471
1934:12:16:0 0.126209 0.0528573 0.0733516
1935:1:16:0 -0.00389525 -0.189254 0.185359
1935:2:16:0 0.162475 0.0207632 0.141712
1935:3:16:0 -0.117713 -0.402833 0.28512
1935:4:16:0 -0.00154133 0.0209284 -0.0224697
1935:5:16:0 -0.0443971 -0.328169 0.283772
1935:6:16:0 -0.033486 -0.331932 0.298446
1935:7:16:0 -0.16508 -0.527535 0.362455
1935:8:16:0 -0.142048 -0.422899 0.280851
1935:9:16:0 -0.143513 -0.283586 0.140073
1935:10:16:0 -0.174973 -0.251806 0.0768324
1935:11:16:0 0.0136973 -0.366843 0.38054
1935:12:16:0 0.0355972 -0.208808 0.244405
1936:1:16:0 0.119602 -0.13955 0.259152
1936:2:16:0 0.0482455 0.251344 -0.203098
1936:3:16:0 0.0236751 0.0714004 -0.0477253
1936:4:16:0 -0.0069112 -0.141506 0.134595
1936:5:16:0 -0.135361 -0.167943 0.032582
1936:6:16:0 0.0239623 -0.249749 0.273711
1936:7:16:0 0.0492318 -0.207107 0.256339
1936:8:16:0 0.111671 0.237959 -0.126289
1936:9:16:0 0.262749 0.311562 -0.0488131
1936:10:16:0 -0.0817621 0.215056 -0.296818
1936:11:16:0 0.10376 -0.11248 0.216241
1936:12:16:0 0.17415 0.264406 -0.0902559
1937:1:16:0 0.059502 -0.0134795 0.0729815
1937:2:16:0 0.321231 0.369751 -0.0485202
1937:3:16:0 0.139507 0.238546 -0.0990393
1937:4:16:0 0.0071367 0.218911 -0.211774
1937:5:16:0 0.114913 -0.151695 0.266608
1937:6:16:0 0.0668491 0.157204 -0.0903548
1937:7:16:0 -0.0417599 0.190362 -0.232122
1937:8:16:0 0.0715564 0.0229115 0.0486449
1937:9:16:0 0.271054 -0.0399453 0.310999
1937:10:16:0 0.134679 0.056194 0.0784854
1937:11:16:0 0.254619 0.10125 0.153368
1937:12:16:0 -0.0627605 -0.156039 0.0932786
1938:1:16:0 0.126825 0.0188597 0.107965
1938:2:16:0 0.0923245 0.134207 -0.0418821
1938:3:16:0 0.186343 0.0165322 0.169811
1938:4:16:0 -0.0684695 0.0796386 -0.148108
1938:5:16:0 0.156612 -0.0850824 0.241695
1938:6:16:0 0.079923 0.263229 -0.183306
1938:7:16:0 -0.0559042 0.243242 -0.299147
1938:8:16:0 0.0683393 -0.0919723 0.160312
1938:9:16:0 -0.00591802 0.0530146 -0.0589326
1938:10:16:0 -0.0691277 0.145215 -0.214343
1938:11:16:0 -0.231975 0.196067 -0.428042
1938:12:16:0 -0.190102 0.112525 -0.302627
1939:1:16:0 -0.259875 -0.323546 0.0636714
1939:2:16:0 0.0122159 -0.378864 0.39108
1939:3:16:0 -0.19454 -0.380989 0.186449
1939:4:16:0 -0.21349 -0.14899 -0.0645006
1939:5:16:0 -0.28418 -0.17605 -0.10813
1939:6:16:0 -0.0875103 -0.12829 0.0407792
1939:7:16:0 -0.0652046 0.0159166 -0.0811211
1939:8:16:0 -0.190447 -0.0427446 -0.147703
1939:9:16:0 -0.126378 -0.232462 0.106084
1939:10:16:0 -0.129299 -0.32362 0.194321
1939:11:16:0 0.129308 0.171581 -0.0422736
1939:12:16:0 0.0830111 -0.046992 0.130003
1940:1:16:0 0.0862139 -0.184276 0.27049
1940:2:16:0 -0.0496402 -0.0158412 -0.033799
1940:3:16:0 -0.0400119 0.258261 -0.298273
1940:4:16:0 -0.161063 0.119133 -0.280196
1940:5:16:0 -0.146779 0.0854794 -0.232258
1940:6:16:0 0.0939924 -0.0897899 0.183782
1940:7:16:0 0.135581 0.187667 -0.0520856
1940:8:16:0 -0.111813 -0.167405 0.0555916
1940:9:16:0 0.0727635 0.0626763 0.0100872
1940:10:16:0 0.187149 0.262994 -0.075846
1940:11:16:0 0.263369 0.331985 -0.0686164
1940:12:16:0 0.23771 0.322711 -0.0850005
1941:1:16:0 0.30359 0.483538 -0.179948
1941:2:16:0 0.246158 0.679797 -0.433639
1941:3:16:0 0.36937 0.460049 -0.0906787
1941:4:16:0 0.420381 0.492431 -0.0720494
1941:5:16:0 0.254685 0.296579 -0.0418943
1941:6:16:0 0.269571 0.427009 -0.157438
1941:7:16:0 0.42595 0.533959 -0.108008
1941:8:16:0 0.4137 0.525589 -0.111889
1941:9:16:0 0.249512 0.187209 0.0623036
1941:10:16:0 0.37755 0.183771 0.193779
1941:11:16:0 0.659385 0.119771 0.539614
1941:12:16:0 0.545496 0.499164 0.0463323
1942:1:16:0 0.25272 0.254959 -0.00223827
1942:2:16:0 0.0948197 0.201637 -0.106817
1942:3:16:0 0.345972 0.420537 -0.0745648
1942:4:16:0 0.0872666 0.293194 -0.205927
1942:5:16:0 -0.00594366 0.365893 -0.371837
1942:6:16:0 -0.19479 0.523183 -0.717973
1942:7:16:0 -0.254459 0.118876 -0.373335
1942:8:16:0 -0.142574 0.638605 -0.78118
1942:9:16:0 -0.144496 0.396722 -0.541217
1942:10:16:0 -0.231702 -0.0394433 -0.192259
1942:11:16:0 -0.25678 0.0607483 -0.317528
1942:12:16:0 -0.361934 -0.0468186 -0.315116
1943:1:16:0 -0.441961 -0.151474 -0.290487
1943:2:16:0 -0.239695 -0.18653 -0.0531654
1943:3:16:0 -0.329038 -0.206259 -0.122779
1943:4:16:0 -0.285264 -0.275451 -0.0098134
1943:5:16:0 -0.00276355 -0.0467665 0.0440029
1943:6:16:0 -0.0193793 -0.390596 0.371217
1943:7:16:0 0.0201933 -0.397338 0.417532
1943:8:16:0 0.0685758 -0.276862 0.345438
1943:9:16:0 0.0227171 0.270641 -0.247924
1943:10:16:0 0.00515124 0.145594 -0.140442
1943:11:16:0 0.125177 0.234187 -0.109009
1943:12:16:0 -0.0193197 0.132059 -0.151379
1944:1:16:0 0.0582827 0.0231383 0.0351444
1944:2:16:0 0.0745034 -0.351954 0.426458
1944:3:16:0 0.0293692 0.0363692 -0.00699992
1944:4:16:0 -0.0870054 -0.0550194 -0.031986
1944:5:16:0 0.184868 -0.323293 0.508162
1944:6:16:0 0.142006 0.040545 0.101461
1944:7:16:0 0.276909 -0.0950972 0.372007
1944:8:16:0 0.23132 -0.124294 0.355614
1944:9:16:0 0.406926 0.0110632 0.395863
1944:10:16:0 -0.026196 0.177771 -0.203967
1944:11:16:0 0.0742161 0.0467596 0.0274565
1944:12:16:0 0.510502 0.105365 0.405137
1945:1:16:0 0.456349 0.401567 0.0547822
1945:2:16:0 0.573777 0.295533 0.278244
1945:3:16:0 0.0367503 -0.339402 0.376152
1945:4:16:0 -0.292933 -0.180321 -0.112612
1945:5:16:0 -0.377646 -0.0430047 -0.334642
1945:6:16:0 -0.19039 0.150453 -0.340843
1945:7:16:0 0.224577 0.426446 -0.201869
1945:8:16:0 0.0940382 0.433947 -0.339909
1945:9:16:0 -0.157579 0.0366206 -0.194199
1945:10:16:0 -0.172979 -0.0506441 -0.122335
1945:11:16:0 -0.126476 -0.0760477 -0.0504278
1945:12:16:0 0.0481707 0.144011 -0.0958399
1946:1:16:0 -0.00824063 -0.26442 0.256179
1946:2:16:0 0.0516291 -0.122946 0.174576
1946:3:16:0 -0.023803 0.0264237 -0.0502268
1946:4:16:0 -0.0179468 0.326545 -0.344492
1946:5:16:0 0.114719 -0.401655 0.516374
1946:6:16:0 -0.218674 -0.116554 -0.10212
1946:7:16:0 -0.152684 -0.315879 0.163195
1946:8:16:0 -0.118142 -0.585824 0.467682
1946:9:16:0 -0.110676 -0.44196 0.331284
1946:10:16:0 0.0609685 -0.160442 0.22141
1946:11:16:0 -0.124987 -0.379011 0.254024
1946:12:16:0 -0.340205 -0.329314 -0.0108905
1947:1:16:0 -0.0711858 0.0302451 -0.101431
1947:2:16:0 -0.0981897 -0.3183 0.22011
1947:3:16:0 -0.129807 -0.303991 0.174185
1947:4:16:0 -0.484807 -0.508108 0.023301
1947:5:16:0 -0.0876722 -0.417993 0.33032
1947:6:16:0 -0.115329 -0.271749 0.15642
1947:7:16:0 -0.415383 -0.114593 -0.30079
1947:8:16:0 -0.276509 0.0622022 -0.338711
1947:9:16:0 -0.511243 0.0474943 -0.558737
1947:10:16:0 -0.610855 -0.195174 -0.415681
1947:11:16:0 -0.417082 -0.387403 -0.029679
1947:12:16:0 -0.521052 -0.496005 -0.0250467
1948:1:16:0 -0.454267 -0.346484 -0.107783
1948:2:16:0 -0.216239 -0.248867 0.0326279
1948:3:16:0 -0.00375241 -0.201375 0.197623
1948:4:16:0 -0.0976189 -0.203932 0.106313
1948:5:16:0 -0.167423 -0.311502 0.144079
1948:6:16:0 -0.0129061 -0.284562 0.271656
1948:7:16:0 -0.0721908 -0.131873 0.0596819
1948:8:16:0 -0.143297 -0.00620737 -0.137089
1948:9:16:0 -0.403738 -0.157657 -0.24608
1948:10:16:0 -0.0861958 -0.187849 0.101653
1948:11:16:0 -0.330936 -0.232931 -0.0980052
1948:12:16:0 -0.111592 0.15998 -0.271572
1949:1:16:0 -0.203667 -0.415885 0.212218
1949:2:16:0 -0.114995 -0.475058 0.360063
1949:3:16:0 -0.257384 -0.312918 0.0555337
1949:4:16:0 -0.161803 -0.533347 0.371544
1949:5:16:0 -0.267155 -0.406471 0.139315
1949:6:16:0 -0.172131 -0.383547 0.211416
1949:7:16:0 0.0151568 -0.290621 0.305778
1949:8:16:0 -0.131709 -0.451475 0.319765
1949:9:16:0 -0.0372838 -0.342566 0.305282
1949:10:16:0 -0.0555866 -0.320911 0.265324
1949:11:16:0 -0.179151 -0.0714697 -0.107681
1949:12:16:0 -0.242281 -0.150209 -0.0920727
1950:1:16:0 -0.178303 -0.325364 0.14706
1950:2:16:0 -0.392684 -0.0340617 -0.358622
1950:3:16:0 -0.290637 0.226092 -0.516729
1950:4:16:0 -0.423923 -0.159772 -0.26415
1950:5:16:0 -0.276923 -0.196562 -0.0803613
1950:6:16:0 -0.364479 -0.0861213 -0.278357
1950:7:16:0 -0.30316 -0.274853 -0.0283078
1950:8:16:0 -0.34936 -0.439631 0.0902713
1950:9:16:0 -0.411736 -0.182063 -0.229673
1950:10:16:0 -0.317442 -0.123172 -0.19427
1950:11:16:0 -0.412411 -0.471847 0.0594362
1950:12:16:0 -0.375815 -0.583196 0.207382
1951:1:16:0 -0.361466 -0.811511 0.450045
1951:2:16:0 -0.319522 -0.721596 0.402074
1951:3:16:0 -0.161203 -0.588535 0.427332
1951:4:16:0 -0.522837 -0.223323 -0.299514
1951:5:16:0 -0.271219 -0.355846 0.0846269
1951:6:16:0 -0.0515243 -0.0874325 0.0359082
1951:7:16:0 -0.0812706 -0.183415 0.102144
1951:8:16:0 0.0637903 -0.365064 0.428854
1951:9:16:0 0.266862 -0.12325 0.390112
1951:10:16:0 0.158504 -0.0599219 0.218426
1951:11:16:0 0.208618 -0.18524 0.393858
1951:12:16:0 0.210291 0.051712 0.158579
1952:1:16:0 0.0225313 -0.0970695 0.119601
1952:2:16:0 0.138595 -0.127683 0.266279
1952:3:16:0 0.0711832 -0.220477 0.29166
1952:4:16:0 0.115463 -0.162146 0.277609
1952:5:16:0 0.0165384 -0.0639718 0.0805101
1952:6:16:0 0.0726697 -0.162413 0.235083
1952:7:16:0 -0.153145 -0.0477454 -0.1054
1952:8:16:0 -0.20344 -0.0561822 -0.147258
1952:9:16:0 -0.164812 0.035126 -0.199938
1952:10:16:0 -0.257253 -0.109278 -0.147975
1952:11:16:0 -0.111328 -0.22635 0.115021
1952:12:16:0 -0.00715625 -0.217341 0.210185
1953:1:16:0 0.0883553 -0.40602 0.494375
1953:2:16:0 0.0119457 -0.455066 0.467011
1953:3:16:0 0.17745 -0.176855 0.354304
1953:4:16:0 0.0694802 -0.0843541 0.153834
1953:5:16:0 0.237147 -0.302031 0.539178
1953:6:16:0 0.104527 0.00716078 0.0973661
1953:7:16:0 -0.105301 -0.242572 0.137271
1953:8:16:0 -0.212703 -0.288199 0.0754962
1953:9:16:0 -0.178147 -0.335494 0.157347
1953:10:16:0 -0.0671195 -0.148727 0.0816074
1953:11:16:0 0.148637 0.00887428 0.139762
1953:12:16:0 0.324194 0.208683 0.11551
1954:1:16:0 -0.00695997 0.147357 -0.154317
1954:2:16:0 0.0380799 0.12303 -0.0849502
1954:3:16:0 -0.0101898 -0.0245246 0.0143348
1954:4:16:0 0.029753 -0.160707 0.19046
1954:5:16:0 -0.106688 0.214777 -0.321465
1954:6:16:0 -0.238107 0.0499115 -0.288019
1954:7:16:0 -0.62119 -0.0946954 -0.526494
1954:8:16:0 -0.495718 -0.181353 -0.314365
1954:9:16:0 -0.513991 -0.197284 -0.316708
1954:10:16:0 -0.661389 -0.223444 -0.437945
1954:11:16:0 -0.384364 -0.218233 -0.166131
1954:12:16:0 -0.376424 -0.556991 0.180567
1955:1:16:0 -0.0408821 -0.177578 0.136696
1955:2:16:0 -0.355704 -0.395668 0.039964
1955:3:16:0 -0.223578 -0.416478 0.192901
1955:4:16:0 -0.250327 -0.418353 0.168026
1955:5:16:0 -0.423271 0.0352741 -0.458546
1955:6:16:0 -0.512096 -0.347913 -0.164183
1955:7:16:0 -0.368229 -0.25055 -0.117679
1955:8:16:0 -0.172783 -0.0585037 -0.11428
1955:9:16:0 -0.195991 0.139224 -0.335215
1955:10:16:0 -0.364693 -0.036368 -0.328325
1955:11:16:0 -0.262357 -0.277302 0.0149449
1955:12:16:0 -0.191674 -0.133327 -0.0583469
1956:1:16:0 -0.160054 -0.251545 0.0914909
1956:2:16:0 -0.256676 -0.425647 0.168971
1956:3:16:0 -0.157924 -0.333424 0.1755
1956:4:16:0 -0.153727 -0.0658824 -0.0878442
1956:5:16:0 -0.436643 -0.100306 -0.336337
1956:6:16:0 -0.486847 0.110119 -0.596966
1956:7:16:0 -0.537955 0.216515 -0.75447
1956:8:16:0 -0.359033 0.0944627 -0.453496
1956:9:16:0 -0.359463 0.0334264 -0.39289
1956:10:16:0 -0.215187 0.0551134 -0.2703
1956:11:16:0 -0.265596 -0.0375874 -0.228008
1956:12:16:0 -0.117358 -0.20453 0.087172
1957:1:16:0 -0.129823 0.116202 -0.246025
1957:2:16:0 -0.171012 0.198883 -0.369895
1957:3:16:0 -0.0420686 -0.0186166 -0.023452
1957:4:16:0 -0.0192293 0.0723155 -0.0915449
1957:5:16:0 0.245735 0.342212 -0.0964771
1957:6:16:0 -0.0828055 0.160643 -0.243449
1957:7:16:0 -0.0737972 0.0889118 -0.162709
1957:8:16:0 0.0583497 0.00550817 0.0528415
1957:9:16:0 -0.132747 -0.151189 0.0184421
1957:10:16:0 -0.117982 0.0123757 -0.130358
1957:11:16:0 0.103655 0.308869 -0.205215
1957:12:16:0 0.0253565 0.0458218 -0.0204653
1958:1:16:0 0.259235 0.474017 -0.214782
1958:2:16:0 0.263951 0.316876 -0.052925
1958:3:16:0 0.0644095 0.266955 -0.202546
1958:4:16:0 0.0624869 0.197777 -0.13529
1958:5:16:0 -0.0213091 0.24447 -0.265779
1958:6:16:0 -0.212924 0.417479 -0.630403
1958:7:16:0 -0.0158223 0.724051 -0.739873
1958:8:16:0 -0.0370308 0.909352 -0.946383
1958:9:16:0 -0.135128 0.762147 -0.897274
1958:10:16:0 -0.0539064 0.514373 -0.56828
1958:11:16:0 -0.0250633 0.364345 -0.389409
1958:12:16:0 0.126178 0.52714 -0.400962
1959:1:16:0 0.351208 0.189151 0.162056
1959:2:16:0 0.262609 0.604742 -0.342132
1959:3:16:0 0.0861556 0.432961 -0.346806
1959:4:16:0 0.0328232 0.182368 -0.149545
1959:5:16:0 -0.0437856 0.463202 -0.506987
1959:6:16:0 -0.220021 0.305112 -0.525133
1959:7:16:0 -0.270404 0.0696066 -0.340011
1959:8:16:0 -0.341615 0.253205 -0.59482
1959:9:16:0 -0.271774 0.163643 -0.435417
1959:10:16:0 -0.0442076 0.151964 -0.196171
1959:11:16:0 0.00670621 0.305085 -0.298379
1959:12:16:0 0.108533 0.22839 -0.119857
1960:1:16:0 0.00301127 0.0445648 -0.0415536
1960:2:16:0 0.0143567 -0.138027 0.152384
1960:3:16:0 0.0352415 0.286721 -0.251479
1960:4:16:0 0.00710415 0.535258 -0.528154
1960:5:16:0 0.0320965 0.535257 -0.50316
1960:6:16:0 -0.121125 0.338122 -0.459247
1960:7:16:0 -0.163045 0.249361 -0.412406
1960:8:16:0 -0.233822 0.0387531 -0.272575
1960:9:16:0 -0.0262733 0.152051 -0.178324
1960:10:16:0 -0.227838 0.280028 -0.507866
1960:11:16:0 -0.27928 0.246782 -0.526062
1960:12:16:0 -0.0686463 0.326321 -0.394967
1961:1:16:0 -0.11474 -0.164735 0.0499943
1961:2:16:0 -0.0790509 -0.193124 0.114073
1961:3:16:0 -0.0236662 -0.0762075 0.0525413
1961:4:16:0 0.0132997 0.407522 -0.394222
1961:5:16:0 -0.164203 0.0439736 -0.208177
1961:6:16:0 -0.027956 -0.242397 0.214441
1961:7:16:0 0.221391 -0.722286 0.943677
1961:8:16:0 0.218819 -0.861482 1.0803
1961:9:16:0 0.211772 -0.729275 0.941047
1961:10:16:0 0.269053 -0.56617 0.835223
1961:11:16:0 0.129617 -0.459498 0.589116
1961:12:16:0 0.232223 -0.301101 0.533323
1962:1:16:0 0.112988 -0.582766 0.695753
1962:2:16:0 0.0116627 -0.71609 0.727753
1962:3:16:0 0.182145 -0.342637 0.524781
1962:4:16:0 0.0699519 -0.118955 0.188907
1962:5:16:0 -0.124473 0.0264329 -0.150906
1962:6:16:0 -0.233227 0.00681369 -0.240041
1962:7:16:0 -0.154214 -0.0126339 -0.14158
1962:8:16:0 0.057263 0.0444116 0.0128514
1962:9:16:0 0.0524825 -0.160023 0.212505
1962:10:16:0 0.0285548 -0.0386309 0.0671857
1962:11:16:0 0.0668899 -0.00532826 0.0722182
1962:12:16:0 0.158204 -0.0123063 0.17051
1963:1:16:0 0.0618148 -0.456135 0.51795
1963:2:16:0 0.0103551 -0.572705 0.58306
1963:3:16:0 -0.0700984 -0.445635 0.375536
1963:4:16:0 -0.0761542 -0.22456 0.148405
1963:5:16:0 -0.194757 -0.0956002 -0.0991568
1963:6:16:0 -0.145497 -0.111195 -0.0343021
1963:7:16:0 0.0903585 -0.438239 0.528598
1963:8:16:0 0.0930068 -0.683187 0.776194
1963:9:16:0 0.00777118 -0.465271 0.473043
1963:10:16:0 0.304554 -0.508451 0.813005
1963:11:16:0 0.368242 -0.219946 0.588188
1963:12:16:0 0.237605 0.0675178 0.170087
1964:1:16:0 0.328696 0.602535 -0.273839
1964:2:16:0 0.200664 0.703189 -0.502525
1964:3:16:0 0.203812 0.344061 -0.14025
1964:4:16:0 0.173398 0.196638 -0.0232405
1964:5:16:0 -0.239465 0.0555591 -0.295024
1964:6:16:0 -0.109441 0.017056 -0.126497
1964:7:16:0 -0.450177 0.0519304 -0.502108
1964:8:16:0 -0.517264 -0.151414 -0.36585
1964:9:16:0 -0.481283 0.0931926 -0.574476
1964:10:16:0 -0.409477 0.219304 -0.628782
1964:11:16:0 -0.406142 -0.405685 -0.000457466
1964:12:16:0 -0.337443 -0.39756 0.0601165
1965:1:16:0 -0.374067 -0.232277 -0.14179
1965:2:16:0 -0.256679 0.00491614 -0.261595
1965:3:16:0 -0.378659 -0.365209 -0.0134499
1965:4:16:0 -0.264176 -0.185262 -0.0789142
1965:5:16:0 -0.437211 -0.127754 -0.309457
1965:6:16:0 -0.414967 -0.150199 -0.264767
1965:7:16:0 -0.337102 -0.184501 -0.152601
1965:8:16:0 -0.158664 -0.220591 0.0619266
1965:9:16:0 0.0200868 -0.177364 0.197451
1965:10:16:0 0.0451751 -0.355097 0.400272
1965:11:16:0 -0.0032353 -0.0472534 0.0440181
1965:12:16:0 0.00630143 0.0665776 -0.0602762
1966:1:16:0 0.0227138 0.0691404 -0.0464265
1966:2:16:0 0.346198 0.323293 0.0229059
1966:3:16:0 0.0806118 0.253897 -0.173285
1966:4:16:0 -0.0890376 0.139153 -0.22819
1966:5:16:0 -0.207321 -0.00950104 -0.19782
1966:6:16:0 -0.0113683 -0.109276 0.0979077
1966:7:16:0 0.0597491 -0.253696 0.313445
1966:8:16:0 0.00688736 -0.423829 0.430716
1966:9:16:0 0.199135 -0.297538 0.496674
1966:10:16:0 0.03227 -0.0539666 0.0862367
1966:11:16:0 -0.00382264 0.0806729 -0.0844955
1966:12:16:0 -0.12816 -0.122521 -0.00563912
1967:1:16:0 -0.442159 -0.398602 -0.0435573
1967:2:16:0 -0.426658 -0.547212 0.120555
1967:3:16:0 -0.0676052 -0.486841 0.419236
1967:4:16:0 -0.110928 -0.0450867 -0.0658415
1967:5:16:0 0.0431998 -0.00790193 0.0511017
1967:6:16:0 0.0147489 -0.234608 0.249357
1967:7:16:0 -0.233565 -0.677603 0.444038
1967:8:16:0 -0.140425 -0.560015 0.41959
1967:9:16:0 -0.0800197 -0.607618 0.527599
1967:10:16:0 0.202612 -0.33227 0.534882
1967:11:16:0 0.150355 -0.138965 0.28932
1967:12:16:0 0.0485441 -0.231873 0.280417
1968:1:16:0 -0.0771655 -0.469409 0.392243
1968:2:16:0 0.0296122 -0.485295 0.514907
1968:3:16:0 -0.0475686 -0.372389 0.324821
1968:4:16:0 0.0437339 -0.224857 0.268591
1968:5:16:0 0.0486417 -0.0463202 0.0949619
1968:6:16:0 0.29267 0.00138369 0.291286
1968:7:16:0 -0.044742 0.160786 -0.205528
1968:8:16:0 0.0617224 0.210879 -0.149157
1968:9:16:0 0.0630507 0.396154 -0.333103
1968:10:16:0 0.0601076 0.198806 -0.138698
1968:11:16:0 0.0464682 0.219399 -0.17293
1968:12:16:0 0.210975 0.191288 0.0196873
1969:1:16:0 0.408257 0.382088 0.0261697
1969:2:16:0 0.401613 0.378644 0.0229692
1969:3:16:0 0.577229 0.343066 0.234163
1969:4:16:0 0.49839 0.339261 0.159129
1969:5:16:0 0.399732 0.333307 0.0664251
1969:6:16:0 -0.0607639 0.339916 -0.40068
1969:7:16:0 0.051711 0.136051 -0.0843395
1969:8:16:0 0.0215902 0.0631312 -0.041541
1969:9:16:0 0.193732 0.0502777 0.143454
1969:10:16:0 0.396446 0.210157 0.186289
1969:11:16:0 0.352043 0.0866762 0.265367
1969:12:16:0 0.40445 0.260304 0.144146
1970:1:16:0 0.655382 0.16966 0.485722
1970:2:16:0 0.439323 -0.0697327 0.509056
1970:3:16:0 0.460747 0.225292 0.235455
1970:4:16:0 0.387965 -0.0332501 0.421215
1970:5:16:0 0.334181 -0.0676425 0.401823
1970:6:16:0 0.0486408 0.221868 -0.173227
1970:7:16:0 0.0161354 0.269473 -0.253337
1970:8:16:0 0.0209594 0.0675177 -0.0465583
1970:9:16:0 0.0555954 0.259715 -0.20412
1970:10:16:0 -0.10246 0.1445 -0.246959
1970:11:16:0 -0.0300852 -0.00325345 -0.0268317
1970:12:16:0 -0.177358 -0.176854 -0.0005036
1971:1:16:0 -0.189602 -0.571179 0.381578
1971:2:16:0 -0.513965 -0.709152 0.195187
1971:3:16:0 -0.436882 -0.8135 0.376618
1971:4:16:0 -0.0237773 -0.474 0.450222
1971:5:16:0 -0.104159 -0.26079 0.156631
1971:6:16:0 -0.143351 -0.127272 -0.0160787
1971:7:16:0 -0.142173 -0.110468 -0.0317051
1971:8:16:0 -0.135895 0.0944238 -0.230318
1971:9:16:0 -0.215112 0.128239 -0.343352
1971:10:16:0 -0.203134 0.0306862 -0.23382
1971:11:16:0 0.026531 -0.267166 0.293697
1971:12:16:0 0.0313183 -0.416767 0.448085
1972:1:16:0 0.131893 -0.201188 0.333081
1972:2:16:0 -0.0547627 -0.0235857 -0.031177
1972:3:16:0 -0.194605 -0.393504 0.198899
1972:4:16:0 0.124596 -0.204983 0.329578
1972:5:16:0 0.29719 -0.0805296 0.37772
1972:6:16:0 0.665507 -0.282454 0.94796
1972:7:16:0 0.665109 -0.355549 1.02066
1972:8:16:0 0.629221 -0.18979 0.819011
1972:9:16:0 0.703912 -0.0517215 0.755633
1972:10:16:0 0.764913 0.0586485 0.706265
1972:11:16:0 0.82143 -0.111022 0.932452
1972:12:16:0 0.755988 0.0571636 0.698825
1973:1:16:0 0.741095 0.514711 0.226384
1973:2:16:0 0.423025 0.314185 0.10884
1973:3:16:0 0.429377 0.26344 0.165937
1973:4:16:0 0.547871 0.457456 0.0904153
1973:5:16:0 0.573118 0.264847 0.308271
1973:6:16:0 0.327691 0.336693 -0.00900194
1973:7:16:0 0.387129 0.562383 -0.175254
1973:8:16:0 0.243466 0.533043 -0.289577
1973:9:16:0 0.272675 0.639851 -0.367175
1973:10:16:0 0.254371 0.293402 -0.0390317
1973:11:16:0 0.121502 -0.0114682 0.132971
1973:12:16:0 -0.0760351 -0.368541 0.292506
1974:1:16:0 -0.160804 -0.632528 0.471724
1974:2:16:0 -0.234364 -0.579132 0.344767
1974:3:16:0 -0.15539 -0.57812 0.422731
1974:4:16:0 -0.188238 -0.341393 0.153155
1974:5:16:0 -0.18428 -0.169629 -0.0146513
1974:6:16:0 0.0866935 -0.101628 0.188321
1974:7:16:0 0.203716 0.131452 0.0722633
1974:8:16:0 0.0233101 0.212529 -0.189219
1974:9:16:0 -0.0143013 0.24429 -0.258592
1974:10:16:0 -0.178545 0.265029 -0.443574
1974:11:16:0 -0.313841 -0.05212 -0.261721
1974:12:16:0 -0.0461666 0.0723452 -0.118512
1975:1:16:0 -0.178908 -0.00503602 -0.173872
1975:2:16:0 -0.213455 -0.149952 -0.0635025
1975:3:16:0 -0.447595 -0.16208 -0.285515
1975:4:16:0 -0.0891552 -0.382027 0.292872
1975:5:16:0 0.125403 -0.166678 0.292082
1975:6:16:0 0.201226 -0.0684919 0.269718
1975:7:16:0 0.424419 0.151263 0.273156
1975:8:16:0 0.124682 0.164661 -0.0399788
1975:9:16:0 0.00325821 0.458684 -0.455426
1975:10:16:0 -0.477583 0.17798 -0.655562
1975:11:16:0 -0.312122 -0.259601 -0.0525215
1975:12:16:0 -0.394755 -0.459306 0.0645509
1976:1:16:0 -0.314859 -0.513414 0.198555
1976:2:16:0 -0.132167 -0.395661 0.263494
1976:3:16:0 -0.227121 -0.41544 0.188319
1976:4:16:0 -0.131261 -0.458674 0.327413
1976:5:16:0 -0.0705594 -0.291982 0.221423
1976:6:16:0 0.207336 -0.371195 0.578532
1976:7:16:0 0.242308 -0.648599 0.890906
1976:8:16:0 0.0637349 -0.339543 0.403278
1976:9:16:0 -0.0197079 -0.194825 0.175118
1976:10:16:0 -0.027968 -0.181099 0.153131
1976:11:16:0 -0.018915 -0.111596 0.0926809
1976:12:16:0 0.0373349 -0.223786 0.261121
1977:1:16:0 0.105114 -0.0780968 0.183211
1977:2:16:0 -0.208307 -0.135849 -0.072458
1977:3:16:0 -0.0229436 -0.365004 0.342061
1977:4:16:0 0.181371 0.00259648 0.178774
1977:5:16:0 0.121663 0.240467 -0.118805
1977:6:16:0 0.361744 0.247928 0.113816
1977:7:16:0 0.153869 0.0138106 0.140058
1977:8:16:0 0.101789 0.0670232 0.034766
1977:9:16:0 0.127556 -0.000367197 0.127923
1977:10:16:0 0.407486 -0.210725 0.61821
1977:11:16:0 0.446227 0.313048 0.133179
1977:12:16:0 0.458998 0.261006 0.197992
1978:1:16:0 0.248524 0.696124 -0.4476
1978:2:16:0 0.193744 0.540105 -0.346361
1978:3:16:0 0.155581 0.568886 -0.413305
1978:4:16:0 0.0144223 0.0296627 -0.0152403
1978:5:16:0 -0.316399 -0.000552948 -0.315846
1978:6:16:0 -0.215836 -0.244674 0.0288378
1978:7:16:0 0.071903 -0.130884 0.202787
1978:8:16:0 0.0858415 -0.0080148 0.0938563
1978:9:16:0 0.00496837 -0.134546 0.139514
1978:10:16:0 -0.0347365 0.0716233 -0.10636
1978:11:16:0 0.0327977 0.208043 -0.175245
1978:12:16:0 0.0221341 0.046034 -0.0238999
1979:1:16:0 0.523398 0.0254271 0.497971
1979:2:16:0 0.416604 0.387589 0.0290147
1979:3:16:0 0.3306 0.19622 0.13438
1979:4:16:0 0.17165 0.177164 -0.00551412
1979:5:16:0 0.208177 0.431057 -0.222881
1979:6:16:0 0.368798 0.0557103 0.313088
1979:7:16:0 0.0580863 0.0588943 -0.000807952
1979:8:16:0 -0.0746946 -0.150067 0.0753726
1979:9:16:0 0.115443 -0.00170456 0.117148
1979:10:16:0 0.139342 0.060709 0.078633
1979:11:16:0 0.12829 0.101158 0.0271319
1979:12:16:0 0.219628 0.0880645 0.131563
1980:1:16:0 0.138268 0.109686 0.0285821
1980:2:16:0 0.0951779 0.111859 -0.0166806
1980:3:16:0 -0.0649178 0.1814 -0.246317
1980:4:16:0 0.154006 0.0414749 0.112531
1980:5:16:0 0.430642 0.27085 0.159793
1980:6:16:0 -0.0187979 0.143793 -0.162591
1980:7:16:0 0.121275 0.451897 -0.330623
1980:8:16:0 0.127975 0.629174 -0.501199
1980:9:16:0 0.20965 0.546059 -0.336409
1980:10:16:0 0.296743 0.562957 -0.266214
1980:11:16:0 0.305781 0.45509 -0.14931
1980:12:16:0 0.233785 0.492827 -0.259042
1981:1:16:0 0.142474 0.158618 -0.0161442
1981:2:16:0 0.19479 0.042593 0.152197
1981:3:16:0 0.406049 0.215772 0.190277
1981:4:16:0 0.174357 -0.115208 0.289565
1981:5:16:0 0.156262 -0.0439965 0.200258
1981:6:16:0 -0.00191676 0.0215028 -0.0234196
1981:7:16:0 0.0858667 0.323965 -0.238099
1981:8:16:0 0.0157402 0.326718 -0.310977
1981:9:16:0 0.0128715 0.362054 -0.349183
1981:10:16:0 0.160778 0.373106 -0.212328
1981:11:16:0 0.0297535 0.0801451 -0.0503915
1981:12:16:0 0.236665 0.0209251 0.21574
1982:1:16:0 0.173918 -0.157032 0.33095
1982:2:16:0 0.115509 -0.238585 0.354094
1982:3:16:0 0.169807 -0.0526665 0.222474
1982:4:16:0 0.227326 -0.0938688 0.321194
1982:5:16:0 0.352715 -0.0928793 0.445594
1982:6:16:0 0.263051 -0.206114 0.469165
1982:7:16:0 0.346274 -0.23672 0.582993
1982:8:16:0 0.33765 -0.222004 0.559654
1982:9:16:0 0.50682 -0.32677 0.83359
1982:10:16:0 0.653915 -0.351702 1.00562
1982:11:16:0 0.535487 -0.0181328 0.55362
1982:12:16:0 0.570609 0.501692 0.0689172
1983:1:16:0 0.553576 0.847266 -0.293689
1983:2:16:0 0.613263 1.01396 -0.400693
1983:3:16:0 0.570888 1.14789 -0.577006
1983:4:16:0 0.717417 1.06113 -0.343715
1983:5:16:0 0.779033 0.610809 0.168224
1983:6:16:0 1.12313 0.53569 0.587441
1983:7:16:0 1.13515 0.294595 0.840556
1983:8:16:0 0.906404 0.252347 0.654057
1983:9:16:0 0.6366 0.308568 0.328032
1983:10:16:0 0.396219 0.29155 0.104669
1983:11:16:0 0.513967 0.572034 -0.0580667
1983:12:16:0 0.392108 0.255953 0.136155
1984:1:16:0 0.0532181 0.0877149 -0.0344968
1984:2:16:0 -0.224068 -0.261448 0.0373799
1984:3:16:0 -0.0420783 -0.095879 0.0538007
1984:4:16:0 0.106083 -0.154979 0.261062
1984:5:16:0 -0.160605 -0.0892111 -0.0713937
1984:6:16:0 -0.158257 -0.023586 -0.134671
1984:7:16:0 0.00559406 0.0454945 -0.0399004
1984:8:16:0 -0.0176768 0.164054 -0.181731
1984:9:16:0 0.0615986 0.263348 -0.201749
1984:10:16:0 -0.00996801 0.246567 -0.256535
1984:11:16:0 0.0749393 0.210409 -0.135469
1984:12:16:0 0.057876 0.0990429 -0.041167
1985:1:16:0 0.03244 0.306902 -0.274462
1985:2:16:0 -0.116711 0.325115 -0.441826
1985:3:16:0 -0.120577 0.245311 -0.365889
1985:4:16:0 0.165287 0.162937 0.00234997
1985:5:16:0 0.022771 0.0212853 0.00148576
1985:6:16:0 -0.317499 0.0893838 -0.406883
1985:7:16:0 0.0696493 0.151044 -0.0813947
1985:8:16:0 0.00939061 0.154976 -0.145585
1985:9:16:0 0.18121 0.0230439 0.158166
1985:10:16:0 0.101255 0.209036 -0.107781
1985:11:16:0 0.237159 -0.113102 0.350262
1985:12:16:0 0.24727 0.433122 -0.185853
1986:1:16:0 0.0944147 0.017952 0.0764627
1986:2:16:0 0.189627 0.14171 0.0479171
1986:3:16:0 0.0579399 0.0872307 -0.0292908
1986:4:16:0 0.0945273 0.173994 -0.0794666
1986:5:16:0 0.352263 0.282572 0.0696916
1986:6:16:0 0.309746 0.37357 -0.0638243
1986:7:16:0 0.21547 0.448483 -0.233013
1986:8:16:0 0.190231 0.289007 -0.0987766
1986:9:16:0 0.361995 0.119314 0.242681
1986:10:16:0 0.433919 0.100453 0.333466
1986:11:16:0 0.510123 0.483052 0.0270713
1986:12:16:0 0.469032 0.515403 -0.0463711
1987:1:16:0 0.479054 0.378895 0.100159
1987:2:16:0 0.485197 0.259079 0.226118
1987:3:16:0 0.566091 0.53762 0.0284718
1987:4:16:0 0.544057 0.494428 0.049629
1987:5:16:0 0.932699 0.540131 0.392568
1987:6:16:0 0.692914 0.371846 0.321069
1987:7:16:0 0.80675 0.289763 0.516987
1987:8:16:0 0.913061 0.31583 0.597232
1987:9:16:0 0.962973 0.182803 0.78017
1987:10:16:0 0.860374 0.224912 0.635462
1987:11:16:0 0.777605 0.555315 0.22229
1987:12:16:0 0.74633 0.363733 0.382597
1988:1:16:0 0.948494 0.412812 0.535682
1988:2:16:0 0.830406 0.796993 0.0334128
1988:3:16:0 0.731212 0.872377 -0.141165
1988:4:16:0 0.592675 0.513762 0.0789132
1988:5:16:0 0.31919 0.600496 -0.281306
1988:6:16:0 0.385262 0.43362 -0.0483579
1988:7:16:0 0.557568 0.385862 0.171706
1988:8:16:0 0.610975 0.590493 0.0204827
1988:9:16:0 0.514806 0.51641 -0.00160396
1988:10:16:0 0.436253 0.562405 -0.126152
1988:11:16:0 0.383686 0.282469 0.101217
1988:12:16:0 0.490694 0.0944411 0.396253
1989:1:16:0 0.118445 0.205014 -0.0865691
1989:2:16:0 0.135446 -0.00897019 0.144416
1989:3:16:0 -0.0370751 0.10734 -0.144415
1989:4:16:0 -0.0985375 0.170936 -0.269474
1989:5:16:0 0.00580291 0.369866 -0.364063
1989:6:16:0 -0.0758196 0.481061 -0.556881
1989:7:16:0 0.26343 0.384835 -0.121406
1989:8:16:0 0.312398 0.314136 -0.00173795
1989:9:16:0 0.484931 0.309323 0.175608
1989:10:16:0 0.450971 0.469787 -0.0188152
1989:11:16:0 0.513785 0.577009 -0.0632243
1989:12:16:0 0.448059 0.384458 0.0636005
1990:1:16:0 0.480885 0.401634 0.0792505
1990:2:16:0 0.723376 0.829576 -0.1062
1990:3:16:0 0.537343 0.509877 0.0274668
1990:4:16:0 0.389755 0.570076 -0.180321
1990:5:16:0 0.360357 0.484102 -0.123745
1990:6:16:0 0.113301 0.46534 -0.352039
1990:7:16:0 0.478306 0.412817 0.0654885
1990:8:16:0 0.463642 0.545908 -0.0822651
1990:9:16:0 0.427907 0.216273 0.211634
1990:10:16:0 0.469662 0.425196 0.0444657
1990:11:16:0 0.515929 0.335198 0.180731
1990:12:16:0 0.720961 0.486665 0.234297
1991:1:16:0 0.660195 0.416676 0.24352
1991:2:16:0 0.469906 0.391917 0.0779894
1991:3:16:0 0.51288 0.385981 0.1269
1991:4:16:0 0.733387 0.248894 0.484493
1991:5:16:0 0.80937 0.21231 0.59706
1991:6:16:0 0.727211 0.257775 0.469436
1991:7:16:0 0.613111 0.0383941 0.574717
1991:8:16:0 0.319662 -0.0354886 0.355151
1991:9:16:0 0.507334 0.0227515 0.484582
1991:10:16:0 0.46971 0.12462 0.345089
1991:11:16:0 0.412563 0.10764 0.304922
1991:12:16:0 0.483441 0.184687 0.298754
1992:1:16:0 0.414872 0.557088 -0.142216
1992:2:16:0 0.343689 0.555059 -0.211369
1992:3:16:0 0.205537 0.711567 -0.506029
1992:4:16:0 0.25177 0.601514 -0.349744
1992:5:16:0 0.423429 0.745999 -0.32257
1992:6:16:0 0.408925 1.05003 -0.641105
1992:7:16:0 0.600077 0.759745 -0.159667
1992:8:16:0 0.26603 0.724337 -0.458306
1992:9:16:0 0.232977 0.669629 -0.436652
1992:10:16:0 0.191712 0.430198 -0.238486
1992:11:16:0 0.286266 0.409017 -0.122751
1992:12:16:0 0.318924 0.403861 -0.0849368
1993:1:16:0 0.393705 0.41039 -0.0166848
1993:2:16:0 0.396881 0.184097 0.212783
1993:3:16:0 0.162942 0.294455 -0.131513
1993:4:16:0 0.244474 0.227094 0.0173798
1993:5:16:0 0.517631 0.320519 0.197112
1993:6:16:0 0.46286 0.356267 0.106593
1993:7:16:0 0.405497 0.247397 0.1581
1993:8:16:0 0.354142 0.357591 -0.00344905
1993:9:16:0 0.386451 0.16712 0.219331
1993:10:16:0 0.281399 0.0548647 0.226535
1993:11:16:0 0.459353 0.339826 0.119527
1993:12:16:0 0.329667 0.308162 0.0215047
1994:1:16:0 0.460855 0.254087 0.206768
1994:2:16:0 0.232592 0.19382 0.0387728
1994:3:16:0 0.221743 -0.139289 0.361032
1994:4:16:0 0.363274 -0.177792 0.541066
1994:5:16:0 0.527347 -0.22947 0.756818
1994:6:16:0 0.270974 -0.36679 0.637763
1994:7:16:0 0.368083 -0.490616 0.858698
1994:8:16:0 0.39298 -0.709273 1.10225
1994:9:16:0 0.237254 -0.679724 0.916978
1994:10:16:0 0.638645 -0.440613 1.07926
1994:11:16:0 0.497067 -0.0614445 0.558511
1994:12:16:0 0.542974 0.0497913 0.493182
1995:1:16:0 0.449504 0.129943 0.319561
1995:2:16:0 0.548025 0.209917 0.338108
1995:3:16:0 0.345815 0.228809 0.117006
1995:4:16:0 0.389938 0.404996 -0.0150588
1995:5:16:0 0.518709 0.545112 -0.0264024
1995:6:16:0 0.554913 0.416825 0.138088
1995:7:16:0 0.649704 0.502755 0.14695
1995:8:16:0 0.540164 0.373855 0.166309
1995:9:16:0 0.46398 0.246139 0.217841
1995:10:16:0 0.48253 0.456158 0.0263723
1995:11:16:0 0.481261 0.495985 -0.0147232
1995:12:16:0 0.486405 0.163807 0.322598
1996:1:16:0 0.519827 0.355824 0.164003
1996:2:16:0 0.47991 0.323559 0.156352
1996:3:16:0 0.377255 0.286035 0.0912201
1996:4:16:0 0.257671 0.415122 -0.15745
1996:5:16:0 0.189153 0.227201 -0.0380487
1996:6:16:0 0.210201 0.386139 -0.175939
1996:7:16:0 0.217814 0.541801 -0.323987
1996:8:16:0 0.121355 0.490212 -0.368857
1996:9:16:0 0.0923775 0.40585 -0.313472
1996:10:16:0 -0.0713092 0.642174 -0.713483
1996:11:16:0 0.0846721 0.60001 -0.515338
1996:12:16:0 0.163586 0.344879 -0.181292
1997:1:16:0 0.132356 0.0498812 0.082475
1997:2:16:0 0.0466962 -0.211761 0.258457
1997:3:16:0 0.343162 0.133504 0.209658
1997:4:16:0 0.404028 0.149894 0.254134
1997:5:16:0 0.377937 0.125654 0.252283
1997:6:16:0 0.508818 0.208848 0.29997
1997:7:16:0 0.573879 -0.189873 0.763752
1997:8:16:0 0.701413 -0.237583 0.938996
1997:9:16:0 0.814282 -0.342357 1.15664
1997:10:16:0 0.870679 -0.384859 1.25554
1997:11:16:0 1.04623 -0.494023 1.54025
1997:12:16:0 1.06442 -0.0254069 1.08983
1998:1:16:0 1.23171 0.531773 0.699935
1998:2:16:0 1.32939 0.723155 0.606239
1998:3:16:0 1.1655 1.04418 0.121312
1998:4:16:0 1.11614 0.858548 0.25759
1998:5:16:0 1.13983 0.772286 0.367541
1998:6:16:0 1.13768 0.77008 0.367603
1998:7:16:0 0.873823 0.929241 -0.0554176
1998:8:16:0 0.777518 1.03124 -0.253725
1998:9:16:0 0.663408 0.749487 -0.0860786
1998:10:16:0 0.537916 0.878032 -0.340116
1998:11:16:0 0.384467 0.752464 -0.367997
1998:12:16:0 0.355699 0.453945 -0.0982462
1999:1:16:0 0.321744 0.255977 0.0657678
1999:2:16:0 0.273205 0.116779 0.156426
1999:3:16:0 0.465394 0.18509 0.280304
1999:4:16:0 0.351945 0.148526 0.203419
1999:5:16:0 0.166262 0.122868 0.0433931
1999:6:16:0 0.325615 0.246566 0.0790495
1999:7:16:0 0.48973 0.0646231 0.425107
1999:8:16:0 0.430067 0.103957 0.32611
1999:9:16:0 0.511442 0.166513 0.344929
1999:10:16:0 0.288149 0.0896307 0.198518
1999:11:16:0 0.393662 0.229727 0.163935
1999:12:16:0 0.318751 0.231679 0.0870727
2000:1:16:0 0.266532 0.201119 0.0654135
2000:2:16:0 0.157985 -0.0197779 0.177763
2000:3:16:0 0.283853 -0.0303261 0.314179
2000:4:16:0 0.334573 -0.018657 0.35323
2000:5:16:0 0.346138 0.00477491 0.341364
2000:6:16:0 0.137309 -0.0607201 0.198029
2000:7:16:0 0.30894 -0.0895242 0.398464
2000:8:16:0 0.499317 0.0542769 0.44504
2000:9:16:0 0.534062 0.227379 0.306684
2000:10:16:0 0.523092 0.279863 0.243229
2000:11:16:0 0.447008 0.475289 -0.0282812
2000:12:16:0 0.302624 0.314025 -0.0114015
2001:1:16:0 0.0840838 0.325884 -0.2418
2001:2:16:0 0.203791 0.0371067 0.166685
2001:3:16:0 0.433277 0.278819 0.154458
2001:4:16:0 0.478447 0.136057 0.34239
2001:5:16:0 0.628856 0.267163 0.361692
2001:6:16:0 0.684231 0.341415 0.342816
2001:7:16:0 0.496286 0.317199 0.179087
2001:8:16:0 0.415812 0.405093 0.0107186
2001:9:16:0 0.529373 0.359881 0.169492
2001:10:16:0 0.385336 0.444723 -0.059387
2001:11:16:0 0.570745 0.537445 0.0332999
2001:12:16:0 0.719169 0.542664 0.176505
2002:1:16:0 0.687339 0.643909 0.0434305
2002:2:16:0 0.391376 0.300556 0.09082
2002:3:16:0 0.673105 0.495828 0.177277
2002:4:16:0 0.504588 0.652034 -0.147446
2002:5:16:0 0.324126 0.427372 -0.103245
2002:6:16:0 0.439607 0.411732 0.0278748
2002:7:16:0 0.505193 0.447374 0.057819
2002:8:16:0 0.481572 0.385791 0.0957812
2002:9:16:0 0.924207 0.24594 0.678267
2002:10:16:0 0.880102 0.0961238 0.783978
2002:11:16:0 0.64847 0.282691 0.365779
2002:12:16:0 0.754012 0.68336 0.0706524
2003:1:16:0 0.536942 0.596691 -0.0597497
2003:2:16:0 0.764883 0.561667 0.203216
2003:3:16:0 0.680143 0.555559 0.124584
2003:4:16:0 0.648767 0.545385 0.103382
2003:5:16:0 0.543209 0.481136 0.0620728
2003:6:16:0 0.760997 0.408556 0.352441
2003:7:16:0 0.699409 0.254752 0.444657
2003:8:16:0 0.636111 0.223889 0.412223
2003:9:16:0 0.686228 0.352652 0.333577
2003:10:16:0 0.596338 0.450964 0.145374
2003:11:16:0 0.525458 0.413614 0.111844
2003:12:16:0 0.58158 0.16889 0.41269
2004:1:16:0 0.695109 0.466444 0.228665
2004:2:16:0 0.535349 0.238153 0.297197
2004:3:16:0 0.429556 0.176596 0.252961
2004:4:16:0 0.471149 0.346197 0.124952
2004:5:16:0 0.0923628 0.427923 -0.33556
2004:6:16:0 0.113768 0.286684 -0.172916
2004:7:16:0 0.203386 0.187885 0.0155014
2004:8:16:0 0.477176 0.306136 0.17104
2004:9:16:0 0.547022 0.259809 0.287214
2004:10:16:0 0.567443 0.186773 0.38067
2004:11:16:0 0.586635 0.475048 0.111587
2004:12:16:0 0.640265 0.544258 0.0960072
2005:1:16:0 0.563791 0.505689 0.0581017
2005:2:16:0 0.475514 0.847695 -0.372181
2005:3:16:0 0.57226 0.835752 -0.263493
2005:4:16:0 0.675676 0.389039 0.286637
2005:5:16:0 0.680922 0.488644 0.192278
2005:6:16:0 0.59546 0.557301 0.0381591
2005:7:16:0 0.533671 0.597958 -0.0642874
2005:8:16:0 0.520003 0.556063 -0.0360599
2005:9:16:0 0.528364 0.666147 -0.137783
2005:10:16:0 0.491659 0.537163 -0.0455043
2005:11:16:0 0.382051 0.378652 0.00339949
2005:12:16:0 0.200904 0.263367 -0.0624629
2006:1:16:0 0.163398 0.104347 0.0590512
2006:2:16:0 0.265701 0.381395 -0.115694
2006:3:16:0 0.290165 0.345722 -0.055557
2006:4:16:0 0.403121 0.213169 0.189953
2006:5:16:0 0.490685 0.476256 0.014429
2006:6:16:0 0.481749 0.327942 0.153807
2006:7:16:0 0.542004 0.189294 0.35271
2006:8:16:0 0.6767 0.144071 0.532629
2006:9:16:0 0.637323 -0.176261 0.813585
2006:10:16:0 0.699798 -0.254037 0.953835
2006:11:16:0 0.889431 0.122765 0.766666
2006:12:16:0 0.857329 0.459802 0.397527
2007:1:16:0 0.821158 0.415478 0.40568
2007:2:16:0 0.799678 0.464993 0.334684
2007:3:16:0 0.600051 0.320231 0.27982
2007:4:16:0 0.603156 0.303398 0.299759
2007:5:16:0 0.777951 0.284119 0.493832
2007:6:16:0 0.815822 0.567892 0.24793
2007:7:16:0 0.591947 0.225357 0.36659
2007:8:16:0 0.736665 0.19109 0.545574
2007:9:16:0 0.672594 0.0427375 0.629856
2007:10:16:0 0.519734 0.0597727 0.459961
2007:11:16:0 0.411288 0.158234 0.253054
2007:12:16:0 0.352557 0.343792 0.00876495
2008:1:16:0 0.518046 0.211315 0.306731
2008:2:16:0 0.159322 0.043319 0.116003
2008:3:16:0 0.050521 -0.223108 0.273629
2008:4:16:0 0.0612989 0.0108811 0.0504177
2008:5:16:0 0.267279 -0.138662 0.405942
2008:6:16:0 0.394809 -0.0349937 0.429802
2008:7:16:0 0.443047 -0.116401 0.559448
2008:8:16:0 0.550968 0.121409 0.429559
2008:9:16:0 0.775486 0.294587 0.480899
2008:10:16:0 0.696658 0.277969 0.418689
2008:11:16:0 0.519293 0.367724 0.151569
2008:12:16:0 0.44872 0.269873 0.178847
2009:1:16:0 0.477581 0.256125 0.221456
2009:2:16:0 0.480378 0.128852 0.351526
2009:3:16:0 0.566181 0.297517 0.268664
2009:4:16:0 0.504175 0.177073 0.327102
2009:5:16:0 0.670811 0.191185 0.479626
2009:6:16:0 0.829021 0.517757 0.311263
2009:7:16:0 0.79349 0.671875 0.121615
2009:8:16:0 0.871894 0.666062 0.205832
2009:9:16:0 0.754218 0.468118 0.2861
2009:10:16:0 0.953598 0.583071 0.370527
2009:11:16:0 0.764225 0.568698 0.195527
2009:12:16:0 0.975258 0.588296 0.386962
2010:1:16:0 0.95448 0.478244 0.476236
2010:2:16:0 1.02064 0.807828 0.212815
2010:3:16:0 1.12992 0.49732 0.632598
2010:4:16:0 1.15229 0.584221 0.568069
2010:5:16:0 0.885492 0.693463 0.192029
2010:6:16:0 0.783549 0.712103 0.0714464
2010:7:16:0 0.857703 0.542886 0.314817
2010:8:16:0 0.785107 0.531962 0.253145
2010:9:16:0 0.503414 0.372858 0.130556
2010:10:16:0 0.582103 0.629054 -0.0469511
2010:11:16:0 0.380743 0.58994 -0.209198
2010:12:16:0 0.352506 0.325833 0.0266735
2011:1:16:0 0.327899 -0.0490038 0.376902
2011:2:16:0 0.373987 -0.0482158 0.422203
2011:3:16:0 0.409149 -0.132756 0.541905
2011:4:16:0 0.245053 -0.115594 0.360647
2011:5:16:0 0.327687 0.192434 0.135253
2011:6:16:0 0.520206 0.252511 0.267696
2011:7:16:0 0.559597 0.0203294 0.539267
2011:8:16:0 0.736112 0.0812026 0.65491
2011:9:16:0 0.645579 0.0524631 0.593116
2011:10:16:0 0.829773 0.0862821 0.743491
2011:11:16:0 0.820066 0.215487 0.604578
2011:12:16:0 0.579286 0.4769 0.102386
2012:1:16:0 0.457806 0.227589 0.230217
2012:2:16:0 0.292817 0.188548 0.104269
2012:3:16:0 0.278421 0.0786534 0.199768
2012:4:16:0 0.312922 0.3688 -0.055878
2012:5:16:0 0.51924 0.631781 -0.112541
2012:6:16:0 0.538032 0.313837 0.224195
2012:7:16:0 0.734179 -0.128049 0.862228
2012:8:16:0 0.908216 -0.0450811 0.953297
2012:9:16:0 1.00757 0.160957 0.846612
2012:10:16:0 0.886633 0.387874 0.498759
2012:11:16:0 0.657199 0.484682 0.172517
2012:12:16:0 0.819904 0.326563 0.493341
2013:1:16:0 0.625055 0.503048 0.122007
2013:2:16:0 0.755392 0.378943 0.376449
2013:3:16:0 0.657616 0.407161 0.250455
2013:4:16:0 0.4165 0.510115 -0.0936146
2013:5:16:0 0.314136 0.595549 -0.281413
2013:6:16:0 0.334709 0.619707 -0.284998
2013:7:16:0 0.485834 0.357353 0.128481
2013:8:16:0 0.496152 0.386416 0.109736
2013:9:16:0 0.448088 0.358629 0.0894591
2013:10:16:0 0.647824 0.419387 0.228437
2013:11:16:0 0.860041 0.394674 0.465366
2013:12:16:0 0.596131 0.222713 0.373418
2014:1:16:0 0.493398 0.401106 0.0922914
2014:2:16:0 0.43368 0.337878 0.0958027
2014:3:16:0 0.432729 0.414568 0.0181604
2014:4:16:0 0.578988 0.434088 0.1449
2014:5:16:0 0.764053 0.633761 0.130292
2014:6:16:0 0.736243 0.54762 0.188623
2014:7:16:0 0.638961 0.682442 -0.0434814
2014:8:16:0 0.539373 0.604617 -0.0652441
2014:9:16:0 0.626037 0.375625 0.250412
2014:10:16:0 0.812341 0.300789 0.511552
2014:11:16:0 0.90547 0.626226 0.279244
2014:12:16:0 0.782177 0.51111 0.271067
2015:1:16:0 0.487445 0.407392 0.0800525

