1870:1:16:0 -0.221308 -0.948947 0.329052 0.0886386
1870:2:16:0 -0.877928 -0.662056 0.196612 -0.645206
1870:3:16:0 -0.696161 -0.343588 0.188319 -0.618527
1870:4:16:0 -0.716314 -0.324426 0.0137313 -0.560967
1870:5:16:0 -0.787206 -0.590032 -0.0999795 -0.4422
1870:6:16:0 -0.801039 -0.831508 -0.231138 -0.269715
1870:7:16:0 -0.690133 -0.779029 -0.243589 -0.178824
1870:8:16:0 -0.602431 -0.684778 -0.0664131 -0.226835
1870:9:16:0 -0.151193 -0.770999 -0.155393 0.312003
1870:10:16:0 -0.232125 -1.08075 -0.0914988 0.353999
1870:11:16:0 -0.307018 -0.915233 -0.0176804 0.159439
1870:12:16:0 -0.417453 -0.778606 -0.123594 0.0336465
1871:1:16:0 -0.293372 -0.292973 -0.0338046 -0.129983
1871:2:16:0 -0.303026 -0.254001 -0.0550597 -0.148495
1871:3:16:0 -0.299043 -0.345673 -0.00661968 -0.122897
1871:4:16:0 -0.168903 -0.290424 0.00500242 -0.0261921
1871:5:16:0 -0.412869 -0.477128 0.0315384 -0.190074
1871:6:16:0 -0.36006 -0.239684 -0.0280742 -0.226181
1871:7:16:0 -0.421423 -0.132724 -0.00909899 -0.350512
1871:8:16:0 -0.191253 -0.143553 -0.0791397 -0.0799066
1871:9:16:0 -0.104906 -0.313351 -0.295889 0.199714
1871:10:16:0 -0.150174 -0.28644 -0.335225 0.160659
1871:11:16:0 -0.192254 -0.231658 -0.0252381 -0.0638057
1871:12:16:0 -0.397188 -0.55185 0.0335041 -0.138015
1872:1:16:0 -0.440932 -0.717077 0.080623 -0.122705
1872:2:16:0 -0.389922 -0.781083 0.0651906 -0.0319758
1872:3:16:0 -0.245815 -0.683848 0.0917122 0.0502526
1872:4:16:0 -0.510772 -0.659352 -0.0203628 -0.170915
1872:5:16:0 -0.404291 -0.628123 0.0290735 -0.104766
1872:6:16:0 -0.438654 -0.524916 0.072756 -0.212574
1872:7:16:0 -0.326311 -0.394074 0.18263 -0.220589
1872:8:16:0 -0.671705 -0.595857 0.338517 -0.543035
1872:9:16:0 -0.699029 -0.575811 0.386224 -0.604236
1872:10:16:0 -0.578042 -0.82351 0.156375 -0.244474
1872:11:16:0 -0.464345 -0.624965 0.127137 -0.215431
1872:12:16:0 -0.599964 -0.701482 0.180084 -0.339265
1873:1:16:0 -0.504119 -0.7171 0.282137 -0.286638
1873:2:16:0 -0.686455 -0.954461 0.122066 -0.270258
1873:3:16:0 -0.818547 -1.35651 0.0941392 -0.187362
1873:4:16:0 -0.492684 -0.748959 0.0927182 -0.164564
1873:5:16:0 -0.319881 -0.818797 0.0448658 0.0670839
1873:6:16:0 -0.517654 -0.455738 -0.0667703 -0.256401
1873:7:16:0 -0.455729 -0.320416 0.0320295 -0.311536
1873:8:16:0 -0.35092 -0.365393 -0.00746058 -0.164493
1873:9:16:0 -0.284437 -0.659 -0.0271251 0.0586257
1873:10:16:0 -0.525331 -0.979068 -0.107352 0.017879
1873:11:16:0 -0.492674 -0.982223 -0.108412 0.0526439
1873:12:16:0 -0.356779 -0.910795 -0.231903 0.21457
1874:1:16:0 -0.417571 -1.0035 0.0260369 0.0711628
1874:2:16:0 -0.555463 -1.16752 0.0182418 0.0191745
1874:3:16:0 -0.806938 -1.0025 0.118159 -0.364766
1874:4:16:0 -0.502823 -0.880759 0.109542 -0.117215
1874:5:16:0 -0.476494 -0.346867 -0.0531921 -0.276464
1874:6:16:0 -0.437013 -0.619746 0.0220898 -0.138185
1874:7:16:0 -0.518668 -0.766596 0.067707 -0.169223
1874:8:16:0 -0.606821 -0.967104 0.013199 -0.129868
1874:9:16:0 -0.829132 -0.80456 -0.00592097 -0.423892
1874:10:16:0 -0.936253 -0.805563 -0.158936 -0.454003
1874:11:16:0 -0.930462 -0.684997 -0.149314 -0.513306
1874:12:16:0 -0.76872 -0.679814 -0.00765109 -0.424987
1875:1:16:0 -0.419196 -0.4861 -0.048335 -0.151979
1875:2:16:0 -0.263748 -0.363923 -0.179621 0.00802374
1875:3:16:0 -0.40908 -0.488497 -0.189353 -0.0701547
1875:4:16:0 -0.716041 -0.466751 -0.0866768 -0.439327
1875:5:16:0 -0.846369 -0.882026 0.133417 -0.472064
1875:6:16:0 -0.754918 -0.671816 -0.177195 -0.330413
1875:7:16:0 -0.871 -1.01303 -0.192227 -0.268374
1875:8:16:0 -0.82912 -0.769273 -0.0634922 -0.412737
1875:9:16:0 -0.797056 -0.795236 0.0568613 -0.427869
1875:10:16:0 -0.592852 -0.85313 0.0758684 -0.204222
1875:11:16:0 -0.316589 -0.894364 0.141614 0.0597861
1875:12:16:0 -0.535071 -1.05679 -0.0377778 0.0122133
1876:1:16:0 -0.61335 -1.24458 0.0667715 -0.0244434
1876:2:16:0 -0.695737 -1.26884 0.144241 -0.133437
1876:3:16:0 -0.496495 -1.10253 0.18036 -0.0354106
1876:4:16:0 -0.658449 -1.15076 0.0724815 -0.11931
1876:5:16:0 -0.552985 -1.01251 -0.109791 0.00816536
1876:6:16:0 -0.333985 -0.706289 -0.527144 0.282732
1876:7:16:0 -0.350994 -0.380675 -0.511793 0.0952399
1876:8:16:0 -0.202064 -0.278791 -0.432428 0.153546
1876:9:16:0 -0.137755 -0.0168481 -0.442506 0.0919218
1876:10:16:0 -0.0954731 0.466921 -0.293476 -0.182196
1876:11:16:0 -0.0758089 0.501857 -0.233211 -0.210131
1876:12:16:0 0.0300195 0.446641 -0.167077 -0.109763
1877:1:16:0 0.0752295 0.110351 -0.115212 0.0776599
1877:2:16:0 0.43189 0.294511 -0.188901 0.379084
1877:3:16:0 0.315136 0.274349 -0.221963 0.288943
1877:4:16:0 0.246256 0.115324 -0.27999 0.328589
1877:5:16:0 0.378344 0.0833982 -0.233148 0.453219
1877:6:16:0 0.605521 -0.0852356 -0.227523 0.7619
1877:7:16:0 0.74494 0.970548 -0.30327 0.411301
1877:8:16:0 0.747023 1.16021 -0.33447 0.334151
1877:9:16:0 0.876882 1.79676 -0.164855 0.0609301
1877:10:16:0 1.04356 1.89571 -0.254128 0.22277
1877:11:16:0 1.0808 1.9336 -0.148192 0.1881
1877:12:16:0 1.21734 2.02263 -0.0429926 0.227517
1878:1:16:0 1.16062 1.96128 0.0160512 0.171951
1878:2:16:0 1.19403 1.86967 0.000915752 0.25874
1878:3:16:0 0.759343 0.924718 0.0284195 0.282774
1878:4:16:0 0.552794 0.769823 0.0785542 0.128605
1878:5:16:0 0.50916 0.569854 0.0532537 0.197605
1878:6:16:0 0.816821 0.561868 -0.0318783 0.551826
1878:7:16:0 0.299225 0.499491 0.116108 -0.00857437
1878:8:16:0 0.0341208 0.184287 0.160357 -0.138201
1878:9:16:0 -0.142829 -0.119941 0.193862 -0.179789
1878:10:16:0 -0.257033 -0.152973 0.15373 -0.257411
1878:11:16:0 -0.216716 -0.46499 0.228932 -0.0986864
1878:12:16:0 -0.221405 -0.165262 0.172787 -0.225167
1879:1:16:0 -0.0740652 -0.0673136 0.248045 -0.164431
1879:2:16:0 -0.084515 -0.0886596 0.180269 -0.13032
1879:3:16:0 -0.0589757 -0.210928 0.129586 -0.018305
1879:4:16:0 -0.196937 -0.326489 0.0200564 -0.0437206
1879:5:16:0 -0.459233 -0.499681 0.205864 -0.312324
1879:6:16:0 -0.620609 -0.228416 0.333677 -0.67324
1879:7:16:0 -0.633974 -0.0920343 0.324151 -0.750033
1879:8:16:0 -0.551251 -0.126957 0.199844 -0.587694
1879:9:16:0 -0.499452 -0.195581 0.230905 -0.517114
1879:10:16:0 -0.660628 -0.26612 0.0386642 -0.5469
1879:11:16:0 -0.739958 -0.439653 -0.0181095 -0.511077
1879:12:16:0 -0.535314 -0.237506 -0.219526 -0.306798
1880:1:16:0 -0.360105 -0.423069 -0.0762362 -0.110453
1880:2:16:0 -0.285719 -0.0798958 -0.0681285 -0.211707
1880:3:16:0 -0.32213 -0.345049 -0.0404849 -0.129363
1880:4:16:0 -0.322591 -0.305021 -0.120101 -0.11003
1880:5:16:0 -0.392769 -0.313574 -0.17142 -0.150272
1880:6:16:0 -0.452723 -0.461512 -0.260124 -0.0919055
1880:7:16:0 -0.367853 -0.0032487 -0.203184 -0.264637
1880:8:16:0 -0.374862 0.232343 -0.148111 -0.416978
1880:9:16:0 -0.248432 0.484117 -0.190842 -0.395069
1880:10:16:0 -0.0322682 0.553489 -0.162681 -0.227673
1880:11:16:0 0.146169 0.596526 -0.137304 -0.0834425
1880:12:16:0 0.229961 0.230755 -0.0608616 0.145014
1881:1:16:0 0.225294 0.14682 -0.0652515 0.18451
1881:2:16:0 0.188127 -0.044868 -0.0749041 0.248013
1881:3:16:0 0.32376 -0.027629 0.0564989 0.309325
1881:4:16:0 0.474583 0.0164721 -0.0344239 0.483559
1881:5:16:0 0.400973 0.107513 0.0681883 0.313122
1881:6:16:0 0.293245 0.101011 -0.0272542 0.256367
1881:7:16:0 -0.0578933 0.0656891 0.0566781 -0.119077
1881:8:16:0 0.0364393 -0.215857 -0.0984148 0.193575
1881:9:16:0 -0.0849877 -0.198897 -0.0643032 0.0466123
1881:10:16:0 -0.142524 -0.013281 -0.0135457 -0.12911
1881:11:16:0 -0.215231 -0.186932 -0.0744923 -0.0845186
1881:12:16:0 -0.131963 -0.330616 0.0255399 0.0205749
1882:1:16:0 -0.165782 -0.537114 0.0492106 0.0781696
1882:2:16:0 -0.281654 -0.57193 0.201787 -0.0965828
1882:3:16:0 -0.181853 -0.515503 0.206891 -0.0275469
1882:4:16:0 0.178839 -0.165857 -0.0236133 0.273574
1882:5:16:0 0.158403 -0.266888 -0.0529074 0.318301
1882:6:16:0 0.0138198 -0.683 -0.0593643 0.385002
1882:7:16:0 -0.0907625 -0.783843 -0.130371 0.366344
1882:8:16:0 0.0645203 -0.772505 -0.110517 0.506031
1882:9:16:0 -0.280792 -0.383081 -0.104659 -0.0369222
1882:10:16:0 -0.280538 -0.277068 -0.0725563 -0.105725
1882:11:16:0 -0.489017 -0.519077 0.0945907 -0.276774
1882:12:16:0 -0.416213 -0.625377 -0.0201829 -0.0934327
1883:1:16:0 -0.0813532 -0.779088 0.0770089 0.269686
1883:2:16:0 -0.0651238 -0.607669 0.0804165 0.198502
1883:3:16:0 -0.105547 -0.597488 -0.0774462 0.231921
1883:4:16:0 -0.0949946 -0.197632 -0.0835501 0.0455963
1883:5:16:0 -0.247495 -0.091194 -0.126427 -0.138684
1883:6:16:0 -0.131541 0.13284 -0.122426 -0.136748
1883:7:16:0 -0.000489483 -0.060801 -0.0978138 0.0788179
1883:8:16:0 -0.14309 -0.422179 -0.201534 0.168767
1883:9:16:0 -0.131566 -0.324781 -0.222531 0.142091
1883:10:16:0 -0.0740198 -0.00945496 -0.309561 0.0854884
1883:11:16:0 0.0321936 0.109914 -0.289769 0.122121
1883:12:16:0 -0.0290227 -0.309881 -0.321444 0.286639
1884:1:16:0 0.0790003 -0.198067 -0.428493 0.39228
1884:2:16:0 0.152488 -0.200611 -0.476728 0.491158
1884:3:16:0 0.169712 0.336457 -0.352726 0.177846
1884:4:16:0 0.243613 0.531132 -0.351943 0.154019
1884:5:16:0 0.507362 0.429577 -0.500527 0.542837
1884:6:16:0 0.0396825 0.233533 -0.114532 -0.0198183
1884:7:16:0 0.267341 0.0933639 -0.489561 0.465439
1884:8:16:0 0.206051 0.215546 -0.216246 0.206401
1884:9:16:0 0.153523 0.24192 -0.156028 0.110578
1884:10:16:0 0.0589258 0.289525 -0.21599 0.0221584
1884:11:16:0 -0.00285734 0.498974 -0.170929 -0.16688
1884:12:16:0 0.079425 0.65566 -0.197217 -0.149796
1885:1:16:0 -0.0146407 0.370381 -0.110879 -0.144391
1885:2:16:0 0.12044 0.198255 -0.184523 0.113574
1885:3:16:0 0.233879 -0.116658 -0.108038 0.346227
1885:4:16:0 0.120652 -0.0789521 -0.192441 0.256348
1885:5:16:0 0.572167 -0.257985 -0.349364 0.875841
1885:6:16:0 0.277086 -0.470194 -0.460562 0.742464
1885:7:16:0 0.170519 -0.387444 -0.549897 0.63919
1885:8:16:0 0.32009 -0.0926486 -0.490384 0.611607
1885:9:16:0 0.402734 0.120206 -0.465074 0.575168
1885:10:16:0 0.560627 0.141589 -0.554345 0.767005
1885:11:16:0 0.518856 0.257656 -0.46639 0.623223
1885:12:16:0 0.511844 0.26779 -0.18783 0.471864
1886:1:16:0 0.330946 -0.589266 -0.0297884 0.640473
1886:2:16:0 0.219029 -0.737618 -0.0406877 0.608182
1886:3:16:0 0.388282 -0.700519 -0.0496384 0.763361
1886:4:16:0 0.116157 -0.528842 0.218828 0.271164
1886:5:16:0 -0.302011 -0.854849 0.0864549 0.0821858
1886:6:16:0 -0.395665 -1.05317 -0.0370393 0.149439
1886:7:16:0 -0.552528 -0.682731 -0.0700788 -0.176123
1886:8:16:0 -0.673712 -0.916795 0.335996 -0.383313
1886:9:16:0 -0.684861 -0.539155 0.267807 -0.549187
1886:10:16:0 -0.598457 -0.589492 -0.0570333 -0.275194
1886:11:16:0 -0.739494 -0.514887 0.0698902 -0.516996
1886:12:16:0 -0.979939 -0.748923 0.0834582 -0.647207
1887:1:16:0 -0.49137 -0.684284 -0.109977 -0.0942398
1887:2:16:0 -0.325692 -0.713258 0.147109 -0.0426174
1887:3:16:0 -0.604388 -0.810566 0.256984 -0.327597
1887:4:16:0 -0.731019 -0.640837 0.182078 -0.50164
1887:5:16:0 -0.706114 -0.469744 0.194754 -0.568619
1887:6:16:0 -0.30906 -0.117923 -0.198402 -0.150897
1887:7:16:0 -0.243308 0.0376365 -0.293625 -0.115314
1887:8:16:0 -0.286245 -0.329329 0.0434548 -0.143308
1887:9:16:0 -0.268869 -0.039983 -0.0460866 -0.225834
1887:10:16:0 -0.0709139 -0.0728874 -0.0407125 -0.0141139
1887:11:16:0 0.0880844 0.13605 -0.241343 0.140731
1887:12:16:0 0.00543193 0.205896 0.00964707 -0.102339
1888:1:16:0 -0.0291392 0.169034 0.149492 -0.188402
1888:2:16:0 0.368063 0.233968 0.0941683 0.203995
1888:3:16:0 0.3508 0.291878 0.0355082 0.187107
1888:4:16:0 0.312413 0.496053 -0.175387 0.15208
1888:5:16:0 0.235873 0.814624 -0.195406 -0.0737354
1888:6:16:0 0.291289 0.946823 -0.509886 0.0728204
1888:7:16:0 0.35668 0.546601 -0.427751 0.297255
1888:8:16:0 0.494504 0.475765 -0.382759 0.448001
1888:9:16:0 0.0366341 1.53263 -0.171162 -0.644102
1888:10:16:0 0.939299 1.63514 -0.503395 0.373427
1888:11:16:0 1.24491 1.73196 -0.394891 0.576377
1888:12:16:0 0.859386 1.36562 -0.0353711 0.19426
1889:1:16:0 0.93946 1.51378 -0.466231 0.415685
1889:2:16:0 0.74626 1.01742 -0.416635 0.445867
1889:3:16:0 0.487604 0.772786 -0.180997 0.191709
1889:4:16:0 0.274481 0.549136 -0.0633835 0.0316049
1889:5:16:0 0.275735 0.269818 -0.0108137 0.146233
1889:6:16:0 -0.081798 -0.0402189 0.15871 -0.141044
1889:7:16:0 -0.236286 -0.308792 0.0902 -0.126991
1889:8:16:0 -0.334135 -0.535833 0.0104232 -0.0714296
1889:9:16:0 -0.387979 -0.579687 0.262032 -0.229151
1889:10:16:0 -0.780738 -0.816661 0.280934 -0.512875
1889:11:16:0 -0.709551 -0.530353 0.163247 -0.525998
1889:12:16:0 -0.832286 -0.246463 -0.0230086 -0.69755
1890:1:16:0 -1.48842 -0.510655 0.0344294 -1.2503
1890:2:16:0 -1.26599 -0.499975 0.0171505 -1.02457
1890:3:16:0 -0.591536 -0.413426 -0.165628 -0.302009
1890:4:16:0 -0.520395 -0.636244 -0.181071 -0.111737
1890:5:16:0 -0.519136 -0.699928 -0.170846 -0.0837486
1890:6:16:0 -0.766738 -0.890349 -0.10335 -0.269888
1890:7:16:0 -0.708276 -0.728268 -0.107129 -0.290577
1890:8:16:0 -1.14052 -0.642003 0.0142612 -0.826649
1890:9:16:0 -1.06991 -0.608272 -0.0358718 -0.747834
1890:10:16:0 -0.937825 -0.654647 0.0143131 -0.617658
1890:11:16:0 -0.865751 -0.713042 0.0304042 -0.524432
1890:12:16:0 -0.541973 -0.466672 -0.0374409 -0.289916
1891:1:16:0 -0.317286 -0.23764 -0.165675 -0.115628
1891:2:16:0 -0.115137 -0.0941021 -0.356273 0.110051
1891:3:16:0 0.0104932 0.202639 -0.160864 -0.0103947
1891:4:16:0 0.113698 0.467468 -0.286106 0.0230169
1891:5:16:0 0.170691 0.608884 -0.239562 -0.01397
1891:6:16:0 0.136353 0.547563 -0.335474 0.0303088
1891:7:16:0 0.0204504 0.52835 -0.384034 -0.0517075
1891:8:16:0 0.0209205 0.189555 -0.488507 0.170397
1891:9:16:0 -0.0146296 -0.152197 -0.362571 0.242754
1891:10:16:0 0.0390145 -0.205779 -0.151448 0.217628
1891:11:16:0 0.0976377 -0.0803512 -0.105353 0.19049
1891:12:16:0 0.0356624 0.00291073 -0.0942278 0.081321
1892:1:16:0 -0.2839 -0.0643487 0.0374575 -0.270454
1892:2:16:0 -0.208778 -0.230551 0.0882014 -0.137603
1892:3:16:0 -0.399725 -0.490351 0.0838463 -0.196472
1892:4:16:0 -0.551167 -0.582268 0.075995 -0.298031
1892:5:16:0 -0.33221 -0.6669 0.124322 -0.060921
1892:6:16:0 -0.340916 -0.688021 0.0771787 -0.0354951
1892:7:16:0 -0.44356 -0.697502 -0.13977 -0.0249239
1892:8:16:0 -0.530936 -0.909314 -0.0203753 -0.0660914
1892:9:16:0 -0.799884 -1.09001 0.122256 -0.316007
1892:10:16:0 -1.13891 -1.35924 -0.0563604 -0.431115
1892:11:16:0 -1.12096 -1.19415 0.0576225 -0.552699
1892:12:16:0 -0.676515 -1.14807 -0.109023 -0.0479689
1893:1:16:0 -0.469199 -1.21938 -0.0330602 0.15702
1893:2:16:0 -0.49981 -1.01987 -0.0631403 0.0416949
1893:3:16:0 -0.664485 -0.825422 0.195619 -0.349583
1893:4:16:0 -0.956657 -0.815407 0.249564 -0.673736
1893:5:16:0 -0.942386 -0.741871 0.252065 -0.697483
1893:6:16:0 -0.972203 -0.755684 0.370892 -0.779806
1893:7:16:0 -1.25175 -0.788181 0.596572 -1.15595
1893:8:16:0 -1.2424 -0.804534 0.427597 -1.05393
1893:9:16:0 -1.19528 -0.644409 0.154163 -0.950158
1893:10:16:0 -1.17016 -0.523079 0.0251868 -0.921211
1893:11:16:0 -1.02814 -0.220898 -0.0417225 -0.896826
1893:12:16:0 -0.844301 -0.449864 -0.0867939 -0.575972
1894:1:16:0 -0.877212 -0.277579 -0.0503057 -0.71327
1894:2:16:0 -1.02247 -0.426418 0.0513515 -0.834937
1894:3:16:0 -0.850414 -0.439106 -0.0802481 -0.590736
1894:4:16:0 -0.76627 -0.457162 0.0308718 -0.553125
1894:5:16:0 -0.726889 -0.490242 0.0535567 -0.508547
1894:6:16:0 -0.688953 -0.388834 -0.10585 -0.441611
1894:7:16:0 -0.622465 -0.160392 0.00252056 -0.543529
1894:8:16:0 -0.566618 -0.31787 -0.149472 -0.332947
1894:9:16:0 -0.814081 -0.411714 0.0205919 -0.61852
1894:10:16:0 -0.616654 -0.378226 -0.101785 -0.376648
1894:11:16:0 -0.649527 -0.549504 -0.153917 -0.297816
1894:12:16:0 -0.420175 -0.31251 -0.206362 -0.160739
1895:1:16:0 -0.531423 -0.354789 -0.130154 -0.288952
1895:2:16:0 -0.324389 -0.383188 -0.139027 -0.0632816
1895:3:16:0 -0.266539 -0.597462 -0.163171 0.113777
1895:4:16:0 -0.24709 -0.370654 -0.191242 0.0338586
1895:5:16:0 -0.216462 -0.252726 -0.171005 -0.00459643
1895:6:16:0 -0.216583 -0.274007 0.0999428 -0.12955
1895:7:16:0 -0.133751 -0.107795 -0.0125304 -0.0735884
1895:8:16:0 0.330415 0.263974 -0.0975462 0.247201
1895:9:16:0 0.231413 0.339168 -0.0898053 0.106731
1895:10:16:0 0.0331184 0.551332 -0.0688224 -0.208137
1895:11:16:0 0.166398 0.565839 -0.179413 -0.0268148
1895:12:16:0 0.108122 0.580566 -0.0804534 -0.141935
1896:1:16:0 -0.0249302 0.546881 0.166884 -0.381813
1896:2:16:0 -0.0866864 0.317122 0.101418 -0.295957
1896:3:16:0 0.0911966 0.105684 -0.0347186 0.0557137
1896:4:16:0 0.0219434 0.165497 0.0845133 -0.103062
1896:5:16:0 0.115127 0.406026 -0.0241472 -0.0758127
1896:6:16:0 -0.15026 0.554162 -0.0906776 -0.382002
1896:7:16:0 0.374021 0.610236 -0.161991 0.149899
1896:8:16:0 0.662815 1.08684 -0.460753 0.349772
1896:9:16:0 0.680982 1.06281 -0.517731 0.408443
1896:10:16:0 0.573547 0.825798 -0.612339 0.466818
1896:11:16:0 0.769826 1.52202 -0.307364 0.162498
1896:12:16:0 0.700631 1.40943 -0.31814 0.154985
1897:1:16:0 0.654292 1.09276 -0.303469 0.259648
1897:2:16:0 0.529325 0.913404 -0.0779465 0.111597
1897:3:16:0 0.302395 0.816907 -0.0672393 -0.0724395
1897:4:16:0 -0.00378755 0.481223 0.12854 -0.308669
1897:5:16:0 -0.00597346 0.458921 0.0643077 -0.267588
1897:6:16:0 0.0601572 0.330872 0.0436802 -0.127119
1897:7:16:0 0.185495 0.221461 -0.036977 0.0932528
1897:8:16:0 0.165387 0.220421 0.0580852 0.0261335
1897:9:16:0 0.113268 -0.0731255 -0.0664942 0.183078
1897:10:16:0 -0.143304 0.118273 0.4275 -0.416191
1897:11:16:0 -0.39734 -0.0857927 0.323197 -0.516043
1897:12:16:0 -0.392478 -0.271137 0.254181 -0.384
1898:1:16:0 -0.516317 -0.307894 0.234311 -0.479526
1898:2:16:0 -0.439682 -0.339058 0.133787 -0.337046
1898:3:16:0 -0.420545 -0.389724 0.0546841 -0.253025
1898:4:16:0 -0.234722 -0.385782 -0.00867858 -0.0374915
1898:5:16:0 -0.275494 -0.509379 0.0366252 -0.0391169
1898:6:16:0 -0.17646 -0.500005 -0.159796 0.15344
1898:7:16:0 -0.35872 0.00653262 -0.403928 -0.160023
1898:8:16:0 -0.534989 -0.0665145 -0.503654 -0.249905
1898:9:16:0 -0.360734 -0.483046 -0.231096 -0.00366294
1898:10:16:0 -0.20582 0.00858528 0.107051 -0.263638
1898:11:16:0 -0.409871 -0.0390364 0.0555968 -0.418151
1898:12:16:0 -0.557062 -0.0819211 -0.0077919 -0.512206
1899:1:16:0 -0.662927 0.0672291 0.0696486 -0.731366
1899:2:16:0 -0.568466 -0.10184 0.0859933 -0.560543
1899:3:16:0 -0.426975 0.0821539 0.112908 -0.524505
1899:4:16:0 -0.235372 0.0996597 0.0514502 -0.310927
1899:5:16:0 -0.0199163 0.275407 -0.00778964 -0.153725
1899:6:16:0 -0.069887 0.369035 -0.034468 -0.237171
1899:7:16:0 0.155648 0.0194053 0.008659 0.141616
1899:8:16:0 0.341405 1.04949 -0.0622433 -0.152216
1899:9:16:0 0.0977569 1.04148 -0.319762 -0.263103
1899:10:16:0 0.615287 0.956955 -0.49323 0.383425
1899:11:16:0 0.798549 1.01952 -0.370338 0.473956
1899:12:16:0 0.895319 0.856547 -0.314725 0.624408
1900:1:16:0 0.727093 1.17744 -0.297123 0.286934
1900:2:16:0 0.601752 1.25312 -0.0192174 -0.0152008
1900:3:16:0 0.525629 1.15431 -0.0205976 -0.0412288
1900:4:16:0 0.460155 0.858288 0.0987136 -0.0183464
1900:5:16:0 0.422059 0.705506 0.0762345 0.031189
1900:6:16:0 0.440657 0.823003 0.156956 -0.0493222
1900:7:16:0 0.503524 0.58237 0.108628 0.158025
1900:8:16:0 0.517364 0.301381 0.0741982 0.329574
1900:9:16:0 0.484731 0.2818 0.0357524 0.325955
1900:10:16:0 0.469598 0.000470988 -0.173745 0.556235
1900:11:16:0 0.364365 -0.00319536 -0.105188 0.418557
1900:12:16:0 0.618774 0.125166 0.128399 0.491991
1901:1:16:0 0.644383 0.120361 -0.0178564 0.593131
1901:2:16:0 0.315358 -0.0253328 -0.107531 0.38179
1901:3:16:0 0.245522 -0.256901 -0.050816 0.399381
1901:4:16:0 0.176982 -0.232674 0.0683775 0.25913
1901:5:16:0 0.130539 -0.498367 0.0996718 0.329886
1901:6:16:0 -0.0164845 -0.560596 0.0996331 0.213997
1901:7:16:0 0.0416193 -0.422181 -0.122545 0.313982
1901:8:16:0 0.0955159 -0.270164 -0.155538 0.308367
1901:9:16:0 -0.130989 -0.30588 -0.132567 0.0882348
1901:10:16:0 -0.0807147 0.000604805 -0.0337044 -0.0641649
1901:11:16:0 -0.224867 0.423132 -0.140668 -0.366099
1901:12:16:0 -0.209847 0.496657 -0.0565319 -0.429909
1902:1:16:0 -0.289757 0.541949 0.0934244 -0.607444
1902:2:16:0 -0.122623 0.454147 0.0309187 -0.365156
1902:3:16:0 -0.242034 0.663417 0.0741864 -0.610835
1902:4:16:0 0.284638 0.52341 0.111094 -0.0326142
1902:5:16:0 0.628524 0.609435 -0.38505 0.516331
1902:6:16:0 0.54881 1.077 -0.467823 0.244223
1902:7:16:0 0.764747 1.2141 -0.399622 0.357507
1902:8:16:0 0.707353 0.859687 -0.404861 0.47994
1902:9:16:0 0.921318 0.921056 -0.64677 0.784175
1902:10:16:0 0.847728 1.40019 -0.580723 0.437997
1902:11:16:0 0.793865 1.22814 -0.546495 0.45304
1902:12:16:0 0.616969 0.634904 -0.445998 0.522516
1903:1:16:0 0.72508 0.361457 -0.300545 0.694625
1903:2:16:0 0.81976 -0.2944 -0.0793133 1.00662
1903:3:16:0 0.739434 -0.236948 -0.254764 0.985291
1903:4:16:0 0.49851 -0.527705 -0.148143 0.836434
1903:5:16:0 0.262809 -0.293095 -0.080306 0.44951
1903:6:16:0 0.51435 -0.0169043 -0.461386 0.753495
1903:7:16:0 -0.00417475 -0.450252 -0.150031 0.295967
1903:8:16:0 0.232642 -0.696573 -0.153308 0.657583
1903:9:16:0 -0.0492115 -0.76789 -0.172644 0.421056
1903:10:16:0 -0.107759 -0.802697 -0.131258 0.359219
1903:11:16:0 -0.234899 -0.519353 -0.269524 0.159539
1903:12:16:0 -0.322302 -0.662848 -0.139769 0.079007
1904:1:16:0 -0.655591 -0.0520562 -0.0204217 -0.619352
1904:2:16:0 -0.420824 -0.468759 -0.199491 -0.0866992
1904:3:16:0 -0.241629 -0.641745 -0.125052 0.141769
1904:4:16:0 -0.247979 -0.637754 -0.287096 0.214446
1904:5:16:0 -0.383002 0.0965226 -0.286479 -0.288024
1904:6:16:0 -0.0851629 0.0331823 -0.293325 0.0449085
1904:7:16:0 0.252143 0.538467 -0.295387 0.130603
1904:8:16:0 0.155554 0.847795 -0.549135 0.00622377
1904:9:16:0 0.0705194 0.527436 -0.308623 -0.0388871
1904:10:16:0 0.529178 0.76049 -0.401231 0.349549
1904:11:16:0 -0.130671 0.759329 -0.292977 -0.363847
1904:12:16:0 0.50168 0.509431 -0.1051 0.299515
1905:1:16:0 0.32535 0.529174 -0.402342 0.261934
1905:2:16:0 0.601795 0.143588 -0.285785 0.672893
1905:3:16:0 0.52376 0.6463 -0.216886 0.309053
1905:4:16:0 0.265065 0.0952819 -0.150236 0.292542
1905:5:16:0 0.596757 1.28487 -0.323535 0.11609
1905:6:16:0 0.344213 1.15164 -0.0248245 -0.219194
1905:7:16:0 0.722689 0.846288 -0.368045 0.483568
1905:8:16:0 0.707747 1.18915 -0.459727 0.343037
1905:9:16:0 0.987847 0.835821 -0.499226 0.81955
1905:10:16:0 0.629371 0.646412 -0.328987 0.470659
1905:11:16:0 0.579196 1.20063 -0.342897 0.150331
1905:12:16:0 0.610116 0.290487 -0.236781 0.583263
1906:1:16:0 0.334993 0.463062 -0.331925 0.269424
1906:2:16:0 0.440079 0.460469 -0.225422 0.322555
1906:3:16:0 0.868108 -0.0402486 -0.372014 1.07424
1906:4:16:0 0.400369 -0.0381226 -0.252386 0.545623
1906:5:16:0 0.213134 -0.0503682 -0.108072 0.292354
1906:6:16:0 0.258715 -0.0593792 -0.143629 0.360219
1906:7:16:0 0.0950243 -0.840867 0.0179527 0.506481
1906:8:16:0 0.257946 -1.03312 0.179282 0.684867
1906:9:16:0 -0.466122 -1.05661 0.262094 -0.0688657
1906:10:16:0 -0.52253 -0.755587 0.162886 -0.226179
1906:11:16:0 0.0129959 -0.44453 -0.058558 0.26454
1906:12:16:0 -0.144254 -0.475712 0.0551987 0.0660031
1907:1:16:0 -0.257353 -0.428753 -0.108645 0.0113458
1907:2:16:0 -0.223898 -0.171557 -0.218485 -0.0288765
1907:3:16:0 -0.21645 -0.346726 -0.222309 0.0680676
1907:4:16:0 -0.300593 -0.466825 -0.320157 0.0928983
1907:5:16:0 -0.127631 -0.642862 -0.218206 0.302903
1907:6:16:0 -0.0601621 -0.236331 0.0301056 0.0429504
1907:7:16:0 -0.079473 -0.692531 -0.0104975 0.272041
1907:8:16:0 -0.080052 -1.0409 -0.105049 0.492921
1907:9:16:0 0.107793 -0.08775 -0.294231 0.298783
1907:10:16:0 -0.267391 -0.571548 0.125087 -0.0441605
1907:11:16:0 -0.0684723 -0.404328 0.1249 0.071242
1907:12:16:0 -0.107441 -0.418666 -0.0548651 0.129325
1908:1:16:0 -0.256851 -0.199165 -0.208122 -0.0532079
1908:2:16:0 -0.114224 -0.0118917 -0.20351 -0.00652291
1908:3:16:0 -0.306115 0.0351501 -0.0526763 -0.297352
1908:4:16:0 -0.207218 -0.848804 -0.0176733 0.226021
1908:5:16:0 -0.0510642 -0.798737 0.00960051 0.343504
1908:6:16:0 -0.288472 0.0933822 -0.146141 -0.262093
1908:7:16:0 -0.310605 -0.574516 0.0453343 -0.0460142
1908:8:16:0 -0.296841 -0.508462 -0.138487 0.0266335
1908:9:16:0 -0.20846 -0.751632 -0.0912204 0.212966
1908:10:16:0 -0.309676 -0.421818 -0.161162 -0.0181868
1908:11:16:0 -0.539604 -0.848867 -0.055871 -0.0872347
1908:12:16:0 -0.68374 -0.850395 -0.265693 -0.125696
1909:1:16:0 -0.281833 0.0714415 -0.178986 -0.228061
1909:2:16:0 -0.468934 -0.766766 -0.0961781 -0.0374615
1909:3:16:0 -0.320067 -0.172989 -0.327024 -0.0700606
1909:4:16:0 -0.349137 -0.667984 -0.183902 0.076806
1909:5:16:0 0.0567294 -0.646223 0.0676784 0.346002
1909:6:16:0 -0.604255 -1.17942 0.187502 -0.108295
1909:7:16:0 -0.633671 -0.91482 0.205524 -0.279023
1909:8:16:0 -0.741632 -1.16686 0.292923 -0.304663
1909:9:16:0 -0.540279 -1.14166 0.248188 -0.0935427
1909:10:16:0 -0.838097 -1.0237 0.135803 -0.394151
1909:11:16:0 -0.971239 -1.08154 0.0606702 -0.460804
1909:12:16:0 -0.722343 -0.819551 0.0454766 -0.335305
1910:1:16:0 -0.881173 -1.03993 0.15965 -0.441034
1910:2:16:0 -0.617244 -0.589626 0.0585593 -0.351711
1910:3:16:0 -0.728885 -0.730508 -0.210126 -0.258568
1910:4:16:0 -0.916953 -0.72858 -0.176383 -0.464471
1910:5:16:0 -0.97303 -0.958144 0.0886148 -0.538265
1910:6:16:0 -0.883058 -0.811118 -0.00995878 -0.47252
1910:7:16:0 -0.735717 -0.670153 0.321406 -0.561343
1910:8:16:0 -0.719846 -0.646402 0.19113 -0.49221
1910:9:16:0 -0.989817 -0.793401 0.133969 -0.660101
1910:10:16:0 -0.856034 -0.856024 0.204072 -0.530058
1910:11:16:0 -0.672061 -0.574088 0.00154341 -0.385789
1910:12:16:0 -0.559497 -0.755626 -0.0526752 -0.155346
1911:1:16:0 -0.453118 -0.54588 -0.0113428 -0.174507
1911:2:16:0 -0.415839 -0.562385 -0.329541 0.0301244
1911:3:16:0 -0.609861 -0.609056 -0.0325765 -0.289045
1911:4:16:0 -0.810483 -0.912312 0.0524737 -0.380564
1911:5:16:0 -0.594099 -0.978047 -0.211441 0.000645339
1911:6:16:0 -0.654483 -0.407778 -0.21827 -0.341459
1911:7:16:0 -0.514535 0.0706467 -0.329987 -0.384865
1911:8:16:0 -0.711532 0.538684 -0.391825 -0.784962
1911:9:16:0 -0.328778 0.925309 -0.529849 -0.526508
1911:10:16:0 -0.194159 0.60671 -0.482061 -0.256483
1911:11:16:0 0.358149 0.879391 -0.641803 0.239355
1911:12:16:0 0.143988 1.26789 -0.418508 -0.280701
1912:1:16:0 0.547411 1.01415 -0.638527 0.359599
1912:2:16:0 0.455218 0.695549 -0.465488 0.340187
1912:3:16:0 0.478353 0.415498 -0.398007 0.469608
1912:4:16:0 0.421736 0.5101 -0.257163 0.295267
1912:5:16:0 0.0192706 0.194951 -0.33956 0.0915753
1912:6:16:0 0.00241257 0.00796822 -0.138433 0.0676451
1912:7:16:0 0.0539588 -0.513023 -0.0924399 0.35669
1912:8:16:0 -0.135365 -0.269894 -0.0594384 0.0293011
1912:9:16:0 -0.00852758 0.0733834 -0.127567 0.0185641
1912:10:16:0 -0.110257 -0.135058 -0.116104 0.015324
1912:11:16:0 0.0390328 -0.24411 -0.13854 0.230358
1912:12:16:0 -0.264613 -0.289237 -0.194187 -0.0229011
1913:1:16:0 -0.299668 0.12592 -0.329818 -0.197719
1913:2:16:0 0.19706 0.256948 -0.274512 0.205842
1913:3:16:0 0.173603 -0.231122 -0.387569 0.482948
1913:4:16:0 -0.329066 -1.18673 -0.249596 0.389094
1913:5:16:0 -0.155332 -0.501986 -0.415828 0.303575
1913:6:16:0 -0.267185 -0.0686285 -0.210777 -0.127483
1913:7:16:0 -0.319567 0.0165968 -0.279926 -0.187902
1913:8:16:0 -0.330157 0.344489 -0.333276 -0.335764
1913:9:16:0 0.0334913 0.313816 -0.484407 0.118787
1913:10:16:0 -0.140153 0.845907 -0.417095 -0.354559
1913:11:16:0 0.205054 0.696229 -0.312625 0.0132515
1913:12:16:0 0.197605 0.906762 -0.315838 -0.0978578
1914:1:16:0 0.0563362 0.706741 -0.385144 -0.104462
1914:2:16:0 0.375085 0.310413 -0.406951 0.423354
1914:3:16:0 0.168141 0.385727 -0.236232 0.093394
1914:4:16:0 0.431819 -0.0805345 -0.0807875 0.51248
1914:5:16:0 0.221404 -0.26455 -0.0511685 0.379263
1914:6:16:0 0.0911513 -0.00824305 -0.361057 0.275801
1914:7:16:0 0.230519 0.421741 -0.450599 0.244948
1914:8:16:0 0.475918 0.731538 -0.535203 0.377751
1914:9:16:0 0.298015 0.944697 -0.379375 0.0153542
1914:10:16:0 0.179428 0.77341 -0.446297 0.015872
1914:11:16:0 0.169692 0.565839 -0.46588 0.119713
1914:12:16:0 0.325782 0.747315 -0.47002 0.187135
1915:1:16:0 0.484241 0.574654 -0.404904 0.399366
1915:2:16:0 0.508688 0.384318 -0.450804 0.541931
1915:3:16:0 0.449136 0.475092 -0.354847 0.389013
1915:4:16:0 0.33172 0.728218 -0.298136 0.116679
1915:5:16:0 0.386321 1.04704 -0.111808 -0.0812945
1915:6:16:0 0.627488 1.51628 -0.0298526 -0.115727
1915:7:16:0 0.226694 0.368146 0.205013 -0.0598852
1915:8:16:0 0.156702 0.0125627 0.26943 0.0157059
1915:9:16:0 0.225663 -0.0820528 0.270593 0.131392
1915:10:16:0 0.304277 -0.243687 0.0856488 0.383296
1915:11:16:0 0.0223531 -0.429941 -0.0272436 0.250945
1915:12:16:0 0.117543 -0.58947 0.0911024 0.366727
1916:1:16:0 0.0910401 -0.401893 0.0175901 0.283191
1916:2:16:0 -0.153624 -0.888096 0.0195642 0.280642
1916:3:16:0 -0.0790325 -0.662078 0.0160375 0.243988
1916:4:16:0 -0.00158783 -0.633848 0.0911224 0.269775
1916:5:16:0 0.232271 -0.853074 -0.0856512 0.701634
1916:6:16:0 0.0724167 -0.940953 -0.0871073 0.586447
1916:7:16:0 -0.546589 -1.49863 -0.0490602 0.227254
1916:8:16:0 -0.873814 -1.56707 0.216499 -0.198531
1916:9:16:0 -0.894621 -1.47646 0.199417 -0.2561
1916:10:16:0 -0.702872 -1.45797 0.172825 -0.0603015
1916:11:16:0 -0.977249 -1.57078 -0.0219841 -0.180867
1916:12:16:0 -0.81134 -1.02446 -0.0583485 -0.269938
1917:1:16:0 -0.791289 -0.899924 -0.106433 -0.28811
1917:2:16:0 -0.526257 -1.10004 -0.214009 0.130766
1917:3:16:0 -0.453951 -0.887139 -0.388576 0.183907
1917:4:16:0 -0.475647 -0.308008 -0.281848 -0.180719
1917:5:16:0 -0.587007 -0.14758 -0.437714 -0.29436
1917:6:16:0 -0.448923 -0.0732096 -0.30804 -0.258299
1917:7:16:0 -0.365686 0.467164 -0.226013 -0.486262
1917:8:16:0 -0.291075 0.225645 -0.0834106 -0.362192
1917:9:16:0 -0.337178 -0.0529883 0.0116179 -0.316492
1917:10:16:0 -0.189649 -0.339196 -0.0863013 0.0230996
1917:11:16:0 -0.452189 -0.436461 -0.176886 -0.145515
1917:12:16:0 -0.488162 -0.880529 -0.244232 0.0742188
1918:1:16:0 -0.497772 -0.687408 -0.298438 -0.00484839
1918:2:16:0 -0.491149 -0.520023 -0.416163 -0.0230562
1918:3:16:0 -0.452339 -0.25864 -0.271304 -0.187367
1918:4:16:0 -0.427943 0.129246 -0.339951 -0.32259
1918:5:16:0 -0.263733 0.635456 -0.340282 -0.41132
1918:6:16:0 0.121992 1.18453 -0.403588 -0.268481
1918:7:16:0 -0.101511 1.25878 -0.37108 -0.54536
1918:8:16:0 0.0620212 1.09424 -0.513469 -0.228367
1918:9:16:0 0.311308 1.11997 -0.57864 0.0406418
1918:10:16:0 0.523099 1.31143 -0.460663 0.0977133
1918:11:16:0 0.535491 1.35621 -0.457041 0.085905
1918:12:16:0 0.508855 1.16518 -0.484436 0.168483
1919:1:16:0 0.772587 1.05762 -0.281669 0.384611
1919:2:16:0 0.602263 0.642027 -0.125409 0.343955
1919:3:16:0 0.643196 0.349714 -0.111334 0.524006
1919:4:16:0 0.532029 0.599071 -0.0754366 0.270211
1919:5:16:0 0.579221 0.899329 -0.105882 0.182498
1919:6:16:0 0.437832 0.820698 -0.102384 0.0786748
1919:7:16:0 0.177058 0.48478 -0.237601 0.0534677
1919:8:16:0 0.352385 0.330186 -0.277606 0.326095
1919:9:16:0 0.272202 0.531411 -0.219834 0.116414
1919:10:16:0 0.0260539 0.219364 -0.386624 0.109684
1919:11:16:0 -0.275682 -0.274769 -0.288815 0.00611037
1919:12:16:0 0.210648 0.205495 -0.222907 0.219354
1920:1:16:0 0.250461 0.721681 -0.398335 0.0887883
1920:2:16:0 0.230745 0.582656 -0.370778 0.124806
1920:3:16:0 0.293523 0.340521 -0.293506 0.270015
1920:4:16:0 -0.0388476 0.298168 -0.144246 -0.115808
1920:5:16:0 0.0745564 0.435621 0.0667926 -0.176651
1920:6:16:0 0.255227 -0.0752888 -0.0470407 0.316392
1920:7:16:0 0.222827 -0.863728 -0.228308 0.768845
1920:8:16:0 0.158912 -0.254662 -0.137859 0.355173
1920:9:16:0 0.263061 -0.338767 -0.138611 0.50175
1920:10:16:0 0.579704 -0.690985 -0.161561 1.00598
1920:11:16:0 -0.0252429 -0.170207 -0.233633 0.176677
1920:12:16:0 -0.281968 0.00909935 -0.185941 -0.193547
1921:1:16:0 0.0258523 -0.220593 -0.0569692 0.164634
1921:2:16:0 -0.374318 -0.197454 -0.0993685 -0.225907
1921:3:16:0 -0.867152 -0.485838 -0.061785 -0.59334
1921:4:16:0 -0.198584 -0.510238 -0.28511 0.199089
1921:5:16:0 -0.579154 -0.379515 -0.138201 -0.320295
1921:6:16:0 -0.330658 -0.350522 0.149355 -0.230075
1921:7:16:0 -0.174695 -0.272693 0.0185134 -0.0476054
1921:8:16:0 -0.00124936 -0.707857 -0.0681896 0.386774
1921:9:16:0 -0.102806 -0.751937 0.0281034 0.259111
1921:10:16:0 0.0319799 -0.257504 -0.0110145 0.166239
1921:11:16:0 -0.431198 -0.306607 0.00114729 -0.278468
1921:12:16:0 0.00409842 -0.521675 -0.0654419 0.297657
1922:1:16:0 -0.256731 -0.556849 -0.100647 0.072017
1922:2:16:0 0.123041 0.189953 -0.341704 0.198917
1922:3:16:0 0.175041 -0.143711 -0.306776 0.400285
1922:4:16:0 -0.223171 -0.139896 -0.108556 -0.0989447
1922:5:16:0 0.174088 -0.155161 -0.127698 0.315518
1922:6:16:0 -0.254323 -0.684792 -0.133724 0.154935
1922:7:16:0 -0.00332564 -0.788438 -0.168085 0.474936
1922:8:16:0 -0.168561 -0.990786 -0.412918 0.533291
1922:9:16:0 -0.125915 -0.949024 -0.410767 0.553981
1922:10:16:0 -0.194391 -0.552959 -0.14949 0.156833
1922:11:16:0 -0.060803 -1.10374 0.0229479 0.479593
1922:12:16:0 -0.419131 -0.806295 -0.0271335 -0.00241616
1923:1:16:0 -0.130499 -0.211521 -0.0746446 0.0125845
1923:2:16:0 -0.231868 -0.142146 -0.15308 -0.0842552
1923:3:16:0 -0.180568 -0.526619 -0.289501 0.227492
1923:4:16:0 -0.0168204 0.0548708 -0.436543 0.174015
1923:5:16:0 -0.0480239 -0.159968 -0.339326 0.201623
1923:6:16:0 -0.0168755 0.298975 -0.21124 -0.0607428
1923:7:16:0 -0.167432 0.437372 -0.304909 -0.233663
1923:8:16:0 0.0861863 -0.0951348 -0.506456 0.386982
1923:9:16:0 0.335863 0.130315 -0.678588 0.61
1923:10:16:0 0.519669 0.105235 -0.464827 0.699465
1923:11:16:0 0.624159 0.165852 -0.309295 0.695881
1923:12:16:0 0.447796 0.180798 -0.370763 0.542778
1924:1:16:0 0.184164 -0.517809 -0.335215 0.610676
1924:2:16:0 0.201117 -0.253475 -0.215008 0.435358
1924:3:16:0 0.352093 -0.608109 -0.229149 0.770721
1924:4:16:0 0.0898092 -0.486992 -0.0415304 0.354071
1924:5:16:0 -0.294116 -0.945749 0.15281 0.102353
1924:6:16:0 -0.0857671 -0.775926 0.0968806 0.253756
1924:7:16:0 -0.300774 -0.791669 0.111919 0.0391015
1924:8:16:0 -0.430529 -0.743078 0.0380705 -0.0780247
1924:9:16:0 -0.441649 -0.790201 0.14488 -0.118988
1924:10:16:0 -0.401324 -0.499473 0.101999 -0.202587
1924:11:16:0 -0.763816 -0.62014 0.0800417 -0.493766
1924:12:16:0 -0.374223 -0.700674 -0.232896 0.0925618
1925:1:16:0 -0.748988 -0.575242 0.0270993 -0.474916
1925:2:16:0 -0.566132 0.409736 -0.364712 -0.588644
1925:3:16:0 -0.464454 0.490743 -0.240993 -0.589329
1925:4:16:0 -0.284708 0.535607 -0.410924 -0.34705
1925:5:16:0 -0.251677 0.150081 -0.324921 -0.164257
1925:6:16:0 -0.427959 0.626854 -0.264526 -0.609124
1925:7:16:0 0.127986 0.769791 -0.300237 -0.106791
1925:8:16:0 0.309694 0.826557 -0.391652 0.0922412
1925:9:16:0 0.476953 0.71903 -0.396022 0.315449
1925:10:16:0 0.485326 0.733519 -0.421435 0.329284
1925:11:16:0 0.689011 0.780942 -0.423431 0.510255
1925:12:16:0 0.822823 1.1158 -0.237105 0.383478
1926:1:16:0 0.658845 1.21785 -0.407008 0.253423
1926:2:16:0 0.780832 0.781134 -0.00977132 0.39515
1926:3:16:0 0.747907 0.946532 -0.121153 0.335218
1926:4:16:0 0.513151 0.775438 0.135721 0.0575722
1926:5:16:0 0.653455 0.74945 0.176155 0.190653
1926:6:16:0 0.609812 0.420013 0.0246891 0.387461
1926:7:16:0 0.432673 0.62487 -0.115609 0.178042
1926:8:16:0 0.287007 0.0147126 0.150722 0.20429
1926:9:16:0 0.177695 -0.205396 0.147969 0.206408
1926:10:16:0 -0.128939 0.0212929 0.155837 -0.217504
1926:11:16:0 -0.1742 -0.100216 -0.162161 -0.0430115
1926:12:16:0 -0.0754462 0.186432 -0.016166 -0.160579
1927:1:16:0 0.162502 0.205884 -0.0919317 0.105526
1927:2:16:0 0.245821 0.543882 -0.130175 0.038968
1927:3:16:0 -0.0752945 -0.0165266 0.0971926 -0.115627
1927:4:16:0 0.0783945 -0.0312259 0.113116 0.0374493
1927:5:16:0 -0.321861 -0.160986 -0.108787 -0.186974
1927:6:16:0 0.0331131 -0.140509 0.137129 0.0348033
1927:7:16:0 -0.0355998 -0.370635 -0.0187943 0.159115
1927:8:16:0 0.13536 -0.120655 -0.206244 0.298809
1927:9:16:0 0.0134972 0.0354724 -0.250219 0.12087
1927:10:16:0 0.191406 -0.115101 -0.164707 0.33131
1927:11:16:0 -0.00116743 0.0225365 -0.0258816 0.000505079
1927:12:16:0 0.312041 -0.139288 -0.12244 0.442905
1928:1:16:0 0.445998 -0.0484984 0.1126 0.413947
1928:2:16:0 0.245139 -0.0519216 -0.0233713 0.282786
1928:3:16:0 0.116601 0.111713 -0.123362 0.122426
1928:4:16:0 0.160025 -0.162628 -0.0382248 0.260452
1928:5:16:0 0.244196 -0.0909096 -0.183361 0.381331
1928:6:16:0 0.116783 -0.425907 -0.167339 0.413407
1928:7:16:0 0.0237583 -0.380126 -0.246036 0.336839
1928:8:16:0 0.0200868 -0.374168 -0.153932 0.284136
1928:9:16:0 0.0728299 -0.333054 -0.0676823 0.273198
1928:10:16:0 0.0376942 -0.420131 -0.0650715 0.280295
1928:11:16:0 0.10742 -0.456664 -0.0416749 0.356589
1928:12:16:0 -0.13737 -0.503346 0.0909594 0.0688232
1929:1:16:0 -0.131649 -0.531131 -0.209128 0.238481
1929:2:16:0 -0.0871892 -0.129094 -0.155123 0.0549191
1929:3:16:0 -0.0335716 -0.000622871 -0.0876297 0.0105547
1929:4:16:0 0.0131593 0.460042 -0.328333 -0.052695
1929:5:16:0 -0.0906451 0.317707 -0.386659 -0.0561693
1929:6:16:0 0.0854227 0.342246 -0.37074 0.0996696
1929:7:16:0 0.176183 0.0644822 -0.53599 0.411937
1929:8:16:0 0.155438 0.110053 -0.295921 0.248372
1929:9:16:0 0.199204 0.378956 -0.237376 0.128414
1929:10:16:0 0.288087 -0.0325681 -0.248146 0.428445
1929:11:16:0 0.278307 0.00513049 -0.107394 0.329439
1929:12:16:0 0.516853 -0.0501496 -0.193282 0.638569
1930:1:16:0 0.513616 -0.392231 -0.391593 0.905528
1930:2:16:0 0.504309 -0.253162 -0.334497 0.798138
1930:3:16:0 0.456169 0.0465167 -0.451016 0.658419
1930:4:16:0 0.403713 0.439247 -0.497333 0.432756
1930:5:16:0 -0.000860262 0.200397 -0.446258 0.12207
1930:6:16:0 0.266169 0.431107 -0.401111 0.251171
1930:7:16:0 0.43726 0.752807 -0.422856 0.272285
1930:8:16:0 0.330554 0.978771 -0.154258 -0.0817022
1930:9:16:0 0.677731 1.07436 -0.437089 0.359094
1930:10:16:0 0.619929 1.47509 -0.0779578 -0.0786391
1930:11:16:0 0.971813 1.38382 -0.217118 0.388461
1930:12:16:0 0.663841 1.33523 -0.248024 0.120238
1931:1:16:0 0.777989 1.41764 -0.050935 0.0946351
1931:2:16:0 0.935827 0.984487 -0.028335 0.457751
1931:3:16:0 0.572834 1.04713 0.099559 -0.000508606
1931:4:16:0 0.536818 0.930694 -0.131897 0.137419
1931:5:16:0 0.564465 0.256486 -0.0892561 0.48085
1931:6:16:0 0.589544 0.163743 0.117173 0.449086
1931:7:16:0 0.476563 0.435685 0.13167 0.192886
1931:8:16:0 0.405208 -0.102454 0.0628429 0.425014
1931:9:16:0 -0.0279566 -0.181351 0.187101 -0.0308313
1931:10:16:0 0.0217927 0.25918 -0.074251 -0.0706717
1931:11:16:0 0.073437 -0.214352 -0.0412547 0.20124
1931:12:16:0 -0.13611 -0.163423 0.136602 -0.122699
1932:1:16:0 -0.206534 0.375318 -0.132279 -0.328053
1932:2:16:0 -0.108824 0.607571 -0.00354666 -0.410836
1932:3:16:0 0.176606 0.623686 -0.153802 -0.0583353
1932:4:16:0 -0.00279166 0.476519 -0.142068 -0.170017
1932:5:16:0 0.0696714 0.938475 -0.413221 -0.192956
1932:6:16:0 0.112445 0.935364 -0.2535 -0.228487
1932:7:16:0 -0.166727 0.557654 -0.337671 -0.276718
1932:8:16:0 0.10324 0.509538 -0.381969 0.0394552
1932:9:16:0 0.117023 0.00270995 -0.198692 0.215014
1932:10:16:0 0.139513 0.195326 -0.0724624 0.0780807
1932:11:16:0 0.0840182 -0.0914064 -0.178052 0.218747
1932:12:16:0 -0.163328 -0.072547 -0.240466 -0.00682169
1933:1:16:0 0.00403421 -0.235308 -0.00834442 0.125861
1933:2:16:0 -0.109137 0.24302 -0.187853 -0.136721
1933:3:16:0 -0.0867461 0.0650328 -0.0792392 -0.0796429
1933:4:16:0 0.0184056 0.0550773 0.0325422 -0.0254041
1933:5:16:0 -0.301757 -0.337041 0.0585874 -0.16253
1933:6:16:0 -0.536178 -0.239455 0.0564585 -0.44468
1933:7:16:0 -0.369824 -0.514665 -0.0507876 -0.0870974
1933:8:16:0 -0.575326 -0.379413 -0.0276484 -0.371795
1933:9:16:0 -0.643561 -0.422293 0.13351 -0.499169
1933:10:16:0 -0.919369 -0.505726 0.112432 -0.722722
1933:11:16:0 -0.642357 -0.339923 0.0709245 -0.507858
1933:12:16:0 -0.84679 -0.460607 0.0659859 -0.649479
1934:1:16:0 -0.715855 -0.154168 0.147865 -0.712703
1934:2:16:0 -0.642725 -0.367676 -0.0867712 -0.415501
1934:3:16:0 -0.681158 0.109068 -0.0852402 -0.693071
1934:4:16:0 -0.327338 0.283552 -0.145968 -0.39613
1934:5:16:0 -0.420315 -0.0115031 -0.308805 -0.260161
1934:6:16:0 -0.253659 0.299318 -0.172835 -0.316901
1934:7:16:0 -0.296862 -0.351313 -0.0855346 -0.0784384
1934:8:16:0 -0.396109 0.299927 0.00128714 -0.546716
1934:9:16:0 -0.328432 0.412443 -0.177714 -0.445797
1934:10:16:0 -0.225899 -0.101542 -0.065871 -0.142192
1934:11:16:0 -0.11262 -0.179825 0.0440109 -0.0447129
1934:12:16:0 -0.21062 -0.544469 0.0273732 0.0479278
1935:1:16:0 -0.202819 -0.597746 -0.0650197 0.128564
1935:2:16:0 0.0011684 -0.967827 0.153029 0.408567
1935:3:16:0 -0.152114 -0.185857 -0.0730992 -0.0226353
1935:4:16:0 -0.305835 0.236185 -0.059886 -0.393984
1935:5:16:0 -0.392394 0.173696 -0.0500208 -0.454232
1935:6:16:0 -0.191844 -0.269606 -0.158427 0.0221731
1935:7:16:0 -0.331803 -0.480984 -0.247648 0.0325132
1935:8:16:0 0.135158 0.159016 -0.0466427 0.0789715
1935:9:16:0 0.121921 0.30701 -0.226567 0.0816997
1935:10:16:0 0.238895 0.0706835 -0.187091 0.297099
1935:11:16:0 0.219901 0.334397 -0.135975 0.12069
1935:12:16:0 -0.00738142 0.265911 -0.0947494 -0.0929621
1936:1:16:0 0.328882 -0.0890395 -0.147876 0.44734
1936:2:16:0 0.238214 0.286925 0.00107712 0.0942129
1936:3:16:0 0.138291 0.0447068 -0.0295348 0.130706
1936:4:16:0 0.325474 0.285474 -0.169165 0.26732
1936:5:16:0 0.42128 0.103163 -0.277876 0.508636
1936:6:16:0 0.01536 -0.213703 0.0190393 0.112692
1936:7:16:0 -0.0115129 0.187788 0.0486234 -0.129718
1936:8:16:0 -0.0618681 -0.101141 0.104092 -0.0633433
1936:9:16:0 0.0283112 0.249966 -0.0119453 -0.0906994
1936:10:16:0 0.315158 0.531147 0.0280458 0.0355615
1936:11:16:0 0.0309868 0.263074 0.0910739 -0.146087
1936:12:16:0 0.444082 0.181694 0.145075 0.280697
1937:1:16:0 -0.0675904 0.292165 -0.0234427 -0.201952
1937:2:16:0 0.328819 0.265955 0.00130397 0.195189
1937:3:16:0 0.624493 -0.312327 -0.0578975 0.809605
1937:4:16:0 0.183091 0.119286 -0.0317823 0.139339
1937:5:16:0 -0.0474066 -0.52052 0.00433863 0.210684
1937:6:16:0 -0.134137 -0.213615 0.174416 -0.114537
1937:7:16:0 0.257973 0.0998229 -0.0293768 0.22275
1937:8:16:0 0.0486343 -0.241594 -0.0785383 0.208701
1937:9:16:0 0.10238 0.224162 -0.0186176 -0.00039237
1937:10:16:0 0.0610551 -0.219112 0.016215 0.162504
1937:11:16:0 0.278648 -0.328442 0.21817 0.333784
1937:12:16:0 -0.00796742 -0.216031 0.211175 -0.00553965
1938:1:16:0 -0.0403669 -0.41966 0.0350655 0.151931
1938:2:16:0 0.0377928 -0.471498 0.0471125 0.249986
1938:3:16:0 0.0924152 -0.401603 0.1548 0.215817
1938:4:16:0 -0.0533597 -0.830989 0.222042 0.251114
1938:5:16:0 -0.32018 -0.0849304 0.0898809 -0.322655
1938:6:16:0 -0.502515 -0.997763 0.0111958 -0.00923127
1938:7:16:0 -0.380748 -1.54083 0.26205 0.258641
1938:8:16:0 -0.476638 -0.731916 0.2051 -0.21323
1938:9:16:0 -0.0594168 -0.316372 0.0849527 0.0562926
1938:10:16:0 -0.571108 -0.127022 0.0863835 -0.550789
1938:11:16:0 -0.441929 -0.405945 0.175025 -0.326468
1938:12:16:0 -0.389213 -0.852866 -0.0771604 0.0758
1939:1:16:0 -0.405865 -0.233233 -0.0948017 -0.241848
1939:2:16:0 -0.53726 -0.243697 -0.172372 -0.329225
1939:3:16:0 -0.386612 -0.478 -0.214526 -0.0403492
1939:4:16:0 -0.0611181 -0.200862 -0.0126545 0.0456402
1939:5:16:0 -0.0866413 0.176532 -0.136168 -0.106823
1939:6:16:0 -0.063349 0.416549 -0.180029 -0.181609
1939:7:16:0 0.249214 0.122137 0.109953 0.133169
1939:8:16:0 -0.0246921 0.319671 0.0135946 -0.191325
1939:9:16:0 0.688089 -0.181253 -0.0617063 0.809568
1939:10:16:0 -0.406998 0.163489 -0.249102 -0.364191
1939:11:16:0 0.100926 0.214406 -0.0750201 0.0312328
1939:12:16:0 0.327811 0.25341 0.0661189 0.168046
1940:1:16:0 0.638961 0.773594 -0.0394035 0.271866
1940:2:16:0 0.749295 0.773103 -0.133102 0.429294
1940:3:16:0 0.731616 0.713974 -0.15904 0.454149
1940:4:16:0 0.539625 0.677638 -0.0912326 0.246422
1940:5:16:0 0.434241 0.325545 -0.181931 0.362434
1940:6:16:0 0.657134 0.386967 -0.13027 0.528785
1940:7:16:0 0.50954 0.106284 0.00975752 0.451519
1940:8:16:0 0.476362 0.510421 -0.226829 0.334567
1940:9:16:0 0.231627 0.380381 -0.0343849 0.0586292
1940:10:16:0 0.445696 0.396019 -0.012546 0.25396
1940:11:16:0 0.684876 0.265468 0.00723855 0.548522
1940:12:16:0 0.900907 0.488129 -0.115523 0.714605
1941:1:16:0 0.863796 0.756903 -0.0557584 0.513224
1941:2:16:0 0.780852 0.980736 -0.0349919 0.30798
1941:3:16:0 1.00486 1.27238 -0.0147131 0.37603
1941:4:16:0 1.06071 1.28438 0.0382252 0.399407
1941:5:16:0 1.0296 1.16261 -0.0984926 0.49754
1941:6:16:0 0.677453 0.452472 -0.108274 0.505354
1941:7:16:0 0.724093 0.305431 -0.180594 0.661675
1941:8:16:0 0.669391 0.654788 -0.279149 0.481572
1941:9:16:0 0.644579 0.629821 -0.305572 0.482454
1941:10:16:0 0.84975 0.854301 -0.185695 0.515447
1941:11:16:0 0.978569 1.19347 -0.140605 0.452137
1941:12:16:0 1.01033 1.36342 0.113842 0.271701
1942:1:16:0 0.673291 0.671494 0.0526233 0.311232
1942:2:16:0 0.520662 0.161763 -0.117907 0.498734
1942:3:16:0 0.216584 -0.0859712 -0.233927 0.376533
1942:4:16:0 0.552963 -0.362356 -0.0458138 0.757048
1942:5:16:0 0.0777162 -0.159307 0.0981115 0.108314
1942:6:16:0 -0.0363056 -0.674548 -0.0781622 0.340049
1942:7:16:0 -0.0175141 -0.90403 -0.0622708 0.465636
1942:8:16:0 -0.238218 -1.06325 0.00708737 0.289865
1942:9:16:0 -0.375864 -0.844262 0.14939 -0.0284278
1942:10:16:0 -0.469219 -0.856152 0.040766 -0.0615259
1942:11:16:0 -0.556229 -0.850831 -0.0975031 -0.0820622
1942:12:16:0 -0.62865 -0.483647 0.0603696 -0.417011
1943:1:16:0 -0.819094 -0.095683 0.093178 -0.817842
1943:2:16:0 -0.600872 -0.131078 0.113205 -0.591936
1943:3:16:0 -0.445176 -0.337082 -0.0291487 -0.262061
1943:4:16:0 -0.268469 0.14472 0.00597263 -0.343816
1943:5:16:0 -0.0577613 0.344934 0.0162904 -0.238374
1943:6:16:0 0.0354802 0.250682 -0.115456 -0.0321327
1943:7:16:0 0.12834 0.394713 -0.304114 0.0830405
1943:8:16:0 0.187352 0.218369 -0.444173 0.300255
1943:9:16:0 0.031247 -0.169845 -0.0851584 0.158748
1943:10:16:0 -0.186092 0.325429 0.165704 -0.431659
1943:11:16:0 -0.207674 -0.124112 0.227808 -0.259522
1943:12:16:0 -0.179494 -0.0719679 0.320944 -0.303982
1944:1:16:0 -0.135151 -0.323845 0.226064 -0.0862603
1944:2:16:0 -0.0307227 0.0461194 0.124889 -0.116227
1944:3:16:0 0.0885162 0.171507 -0.118539 0.0620319
1944:4:16:0 0.142342 0.388455 -0.0406143 -0.0315785
1944:5:16:0 0.288076 0.179678 0.0984282 0.149023
1944:6:16:0 0.190802 0.424028 0.115068 -0.0787456
1944:7:16:0 0.341926 0.38775 0.328332 -0.016115
1944:8:16:0 0.177424 0.263631 0.248523 -0.0786533
1944:9:16:0 0.10522 0.320567 0.467747 -0.288937
1944:10:16:0 0.147859 -0.0739824 0.166141 0.10178
1944:11:16:0 0.175591 -0.357055 0.350001 0.179118
1944:12:16:0 0.132057 -0.40687 0.517606 0.0766885
1945:1:16:0 -0.0444769 -0.310147 0.547588 -0.163197
1945:2:16:0 -0.113367 0.449021 0.81161 -0.743682
1945:3:16:0 -0.399064 -0.261016 0.454603 -0.495858
1945:4:16:0 -0.469378 0.109943 0.394851 -0.721775
1945:5:16:0 -0.373699 0.567451 0.451059 -0.882954
1945:6:16:0 -0.400538 0.206502 0.356608 -0.682093
1945:7:16:0 -0.262544 0.273483 0.343689 -0.57113
1945:8:16:0 -0.360444 0.330444 0.41103 -0.731182
1945:9:16:0 -0.233815 0.61143 0.0569974 -0.568029
1945:10:16:0 -0.231174 0.555918 0.0244303 -0.521348
1945:11:16:0 -0.0447759 0.60046 0.270574 -0.480293
1945:12:16:0 -0.171748 0.103224 0.262378 -0.354549
1946:1:16:0 -0.0734015 -0.410401 0.187353 0.0381229
1946:2:16:0 -0.00371119 -0.641802 0.495847 0.0692666
1946:3:16:0 -0.0795473 -0.560321 0.353583 0.0238215
1946:4:16:0 -0.10102 -0.251119 0.0376395 0.0057197
1946:5:16:0 0.0836536 -0.218443 -0.0990683 0.242409
1946:6:16:0 0.452787 -0.634089 -0.545135 1.0424
1946:7:16:0 0.231064 -0.343789 -0.47031 0.638113
1946:8:16:0 0.0790696 -0.546054 -0.23397 0.469082
1946:9:16:0 0.294867 0.19878 -0.455603 0.423278
1946:10:16:0 0.168634 -0.264316 -0.308747 0.455166
1946:11:16:0 0.216937 -0.361077 -0.177575 0.486264
1946:12:16:0 0.577555 -0.14087 -0.302133 0.799056
1947:1:16:0 0.397432 0.136168 -0.31625 0.487473
1947:2:16:0 0.0894945 -0.140146 -0.293316 0.306225
1947:3:16:0 0.424659 0.214945 -0.2983 0.466336
1947:4:16:0 0.0247832 -0.0344212 -0.415879 0.249933
1947:5:16:0 -0.0321477 -0.170337 -0.0473867 0.0767143
1947:6:16:0 0.524205 -0.342614 0.125043 0.63299
1947:7:16:0 -0.12028 -0.388952 -0.157488 0.15294
1947:8:16:0 -0.097316 -0.37875 -0.0941202 0.139119
1947:9:16:0 -0.431086 -0.236533 -0.0905409 -0.267549
1947:10:16:0 -0.48485 -0.154497 -0.00197004 -0.406617
1947:11:16:0 -0.543361 0.0555168 -0.299074 -0.421583
1947:12:16:0 0.115153 0.0278841 -0.406922 0.304673
1948:1:16:0 0.140194 -0.0317222 -0.291983 0.302047
1948:2:16:0 -0.15349 0.349479 -0.12939 -0.263535
1948:3:16:0 0.288318 0.420687 -0.175556 0.165753
1948:4:16:0 0.145907 0.00847267 -0.221716 0.252529
1948:5:16:0 0.423987 0.0204237 -0.365387 0.596469
1948:6:16:0 0.486111 -0.284914 -0.418434 0.837786
1948:7:16:0 0.0585623 -0.539686 -0.294408 0.475609
1948:8:16:0 -0.0466846 -0.0941791 -0.238299 0.119555
1948:9:16:0 -0.0493988 -0.485369 -0.306414 0.346493
1948:10:16:0 -0.181697 -0.369566 -0.195607 0.10089
1948:11:16:0 -0.0586286 0.00415209 -0.363873 0.121232
1948:12:16:0 -0.0209648 -0.317877 -0.309131 0.292539
1949:1:16:0 0.012396 -0.43772 -0.311375 0.386944
1949:2:16:0 0.406486 0.0497885 -0.39985 0.581517
1949:3:16:0 -0.212518 0.257842 -0.360059 -0.16141
1949:4:16:0 0.102111 0.350629 -0.282934 0.0682637
1949:5:16:0 -0.0316903 0.0666046 -0.428117 0.149066
1949:6:16:0 -0.245314 -0.0856284 -0.418606 0.00680272
1949:7:16:0 -0.0428561 -0.656522 -0.310101 0.440455
1949:8:16:0 -0.0159977 -0.535682 -0.319047 0.411367
1949:9:16:0 -0.535354 -0.72053 -0.217925 -0.0661263
1949:10:16:0 -0.416448 -1.07349 -0.112349 0.176472
1949:11:16:0 -0.91398 -0.999023 -0.102786 -0.363075
1949:12:16:0 -0.606384 -0.645457 -0.0606562 -0.253327
1950:1:16:0 -0.433517 -0.937716 -0.277529 0.174105
1950:2:16:0 -0.851883 -1.05344 0.0208 -0.335563
1950:3:16:0 -0.747876 -0.536142 0.0987183 -0.529164
1950:4:16:0 -0.559518 -0.773568 0.0112643 -0.178366
1950:5:16:0 -0.654652 -0.699698 -0.14892 -0.230343
1950:6:16:0 -0.441897 -0.816495 0.0298232 -0.0485609
1950:7:16:0 -0.714743 -0.9023 0.000507161 -0.263846
1950:8:16:0 -0.653604 -0.282 -0.0871834 -0.469012
1950:9:16:0 -0.650535 -0.791982 -0.0541339 -0.227477
1950:10:16:0 -0.742988 -0.725704 -0.15775 -0.301261
1950:11:16:0 -0.979098 -1.17944 0.0194719 -0.399115
1950:12:16:0 -0.559199 -0.69952 -0.30309 -0.0578933
1951:1:16:0 -0.890338 -0.0968077 -0.208196 -0.737836
1951:2:16:0 -0.698123 -0.275909 -0.238821 -0.440758
1951:3:16:0 -0.588593 -0.317924 -0.34739 -0.255936
1951:4:16:0 -0.361238 0.0253715 -0.296646 -0.225601
1951:5:16:0 -0.0746889 0.237423 -0.321449 -0.0326762
1951:6:16:0 -0.122214 0.712525 -0.11199 -0.422481
1951:7:16:0 0.208471 1.34053 -0.218364 -0.35261
1951:8:16:0 0.32808 1.02659 -0.363717 -0.0033541
1951:9:16:0 0.31184 0.854463 -0.1801 -0.025342
1951:10:16:0 0.343308 0.942311 -0.187051 -0.0343218
1951:11:16:0 0.459942 1.06875 -0.337523 0.09433
1951:12:16:0 0.391718 0.659585 -0.160534 0.142193
1952:1:16:0 0.373889 0.473925 -0.11835 0.196102
1952:2:16:0 0.200652 0.350902 0.0960766 -0.0228372
1952:3:16:0 0.0659986 0.413444 -0.064208 -0.108619
1952:4:16:0 0.427938 0.0571805 -0.164131 0.481413
1952:5:16:0 0.170851 -0.0255734 -0.121465 0.24437
1952:6:16:0 -0.0394246 -0.095543 -0.0141173 0.0154056
1952:7:16:0 -0.155933 -0.47913 -0.0542656 0.110765
1952:8:16:0 -0.0962152 -0.209871 -0.0650041 0.0412225
1952:9:16:0 0.212381 -0.338662 -0.0426789 0.403052
1952:10:16:0 0.113975 -0.173328 0.0874262 0.156926
1952:11:16:0 -0.093912 -0.393389 -0.0209865 0.113275
1952:12:16:0 -0.0623398 -0.175787 -0.117199 0.0841532
1953:1:16:0 0.38803 0.069285 -0.261727 0.484251
1953:2:16:0 0.093824 0.457574 0.0119224 -0.140924
1953:3:16:0 0.275542 0.520056 -0.0852673 0.0581474
1953:4:16:0 0.456908 0.746688 -0.239767 0.203448
1953:5:16:0 0.247171 0.793991 -0.186213 -0.0567183
1953:6:16:0 0.281081 0.637461 -0.351589 0.138145
1953:7:16:0 0.283351 0.465925 -0.226073 0.163425
1953:8:16:0 0.175318 0.502159 -0.203911 0.0261943
1953:9:16:0 0.403659 0.644336 -0.277925 0.220454
1953:10:16:0 0.132289 0.194327 -0.165587 0.117919
1953:11:16:0 0.247916 0.164999 -0.215429 0.273131
1953:12:16:0 0.0517391 0.190752 -0.0872773 1.78814e-06
1954:1:16:0 0.365286 -0.556431 -0.0717132 0.679358
1954:2:16:0 0.158237 -0.236747 -0.142486 0.347853
1954:3:16:0 0.164235 -0.208433 -0.199426 0.368165
1954:4:16:0 0.149728 -1.39764 -0.158385 0.927741
1954:5:16:0 -0.022209 -1.40094 -0.218355 0.787438
1954:6:16:0 -0.235043 -1.13514 -0.00936374 0.337211
1954:7:16:0 -0.400149 -1.20829 -0.0594378 0.233717
1954:8:16:0 -0.389078 -0.879866 0.0403053 0.0307028
1954:9:16:0 -0.443156 -1.11123 -0.252538 0.238728
1954:10:16:0 -0.385883 -1.2394 -0.0790404 0.273335
1954:11:16:0 -0.614846 -0.934383 -0.117468 -0.0889201
1954:12:16:0 -0.402094 -1.09443 -0.342827 0.316533
1955:1:16:0 -0.407958 -0.399307 -0.033788 -0.19141
1955:2:16:0 -0.733622 -0.651173 -0.0115871 -0.402242
1955:3:16:0 -0.505232 -0.538516 -0.101237 -0.185356
1955:4:16:0 -0.754596 -0.650381 -0.253753 -0.302529
1955:5:16:0 -0.637146 -1.16596 -0.2184 0.055032
1955:6:16:0 -0.494832 -1.14572 -0.128986 0.14252
1955:7:16:0 -0.700019 -0.763866 0.0928402 -0.364506
1955:8:16:0 -0.530177 -0.672572 0.150329 -0.269055
1955:9:16:0 -0.661205 -1.04841 0.144521 -0.209261
1955:10:16:0 -1.10726 -1.49969 0.0727009 -0.393768
1955:11:16:0 -0.960799 -1.42854 0.00503538 -0.249048
1955:12:16:0 -0.921598 -1.15588 -0.141659 -0.272829
1956:1:16:0 -0.770262 -0.929492 -0.188047 -0.211493
1956:2:16:0 -0.753964 -0.568698 -0.138017 -0.400606
1956:3:16:0 -0.679788 -0.174152 -0.17307 -0.506176
1956:4:16:0 -0.525212 -0.491368 -0.224471 -0.167293
1956:5:16:0 -0.48987 -0.730452 -0.284128 0.01742
1956:6:16:0 -0.716432 -0.581275 -0.281316 -0.285136
1956:7:16:0 -0.701219 -0.276213 0.1175 -0.621863
1956:8:16:0 -0.514309 -0.494181 0.128953 -0.331695
1956:9:16:0 -0.647262 -0.543266 -0.232819 -0.25922
1956:10:16:0 -0.553016 -0.564781 0.0208691 -0.28106
1956:11:16:0 -0.492946 -0.690669 -0.0622297 -0.116496
1956:12:16:0 -0.204544 -0.616295 0.0727827 0.0672118
1957:1:16:0 -0.0150056 -0.676461 -0.048543 0.347496
1957:2:16:0 0.050539 0.148255 -0.0540716 0.00344712
1957:3:16:0 0.0358188 0.778755 -0.0406276 -0.333245
1957:4:16:0 0.32914 0.758209 -0.191338 0.0457048
1957:5:16:0 0.438975 1.23349 -0.00392813 -0.175807
1957:6:16:0 0.171429 1.31623 -0.148845 -0.412264
1957:7:16:0 0.31721 1.56174 -0.0551837 -0.436071
1957:8:16:0 0.395865 1.15862 -0.126917 -0.119984
1957:9:16:0 0.461424 1.07084 -0.433241 0.142625
1957:10:16:0 0.552658 0.975067 -0.36246 0.246354
1957:11:16:0 0.66077 0.973195 -0.382151 0.365248
1957:12:16:0 0.698592 0.936709 -0.202947 0.331711
1958:1:16:0 1.07657 0.628467 -0.19617 0.860421
1958:2:16:0 1.04147 0.60879 -0.262775 0.868468
1958:3:16:0 0.884335 0.485666 -0.116535 0.69977
1958:4:16:0 0.491104 0.748269 -0.283263 0.258601
1958:5:16:0 0.574749 0.469166 -0.345602 0.512966
1958:6:16:0 0.42704 0.535461 -0.388572 0.353596
1958:7:16:0 0.266188 0.534794 -0.0668204 0.0322009
1958:8:16:0 0.434473 0.179036 0.0931075 0.298401
1958:9:16:0 0.0908372 0.157349 -0.0305109 0.0274179
1958:10:16:0 0.27349 0.0499253 -0.0692017 0.283128
1958:11:16:0 0.339272 0.081253 -0.236589 0.41694
1958:12:16:0 0.439495 -0.0143971 -0.113684 0.503536
1959:1:16:0 0.434325 -0.140701 -0.276442 0.642896
1959:2:16:0 0.363913 -0.126959 -0.148541 0.501663
1959:3:16:0 0.244694 0.301294 -0.218934 0.203514
1959:4:16:0 0.318539 0.278705 -0.353676 0.356024
1959:5:16:0 0.302695 0.160529 -0.32256 0.38371
1959:6:16:0 -0.00580738 -0.0525914 -0.212704 0.126841
1959:7:16:0 0.0594643 -0.0699934 -0.108722 0.148822
1959:8:16:0 0.106904 -0.283391 -0.0927311 0.294965
1959:9:16:0 0.0581456 -0.00742968 -0.164556 0.144139
1959:10:16:0 0.154003 0.121001 -0.294153 0.240579
1959:11:16:0 -0.0804768 0.0308428 -0.181436 -0.00518028
1959:12:16:0 -0.06942 -0.0240947 -0.157252 0.0212535
1960:1:16:0 -0.190449 0.0938042 0.0756041 -0.275153
1960:2:16:0 -0.261061 0.0111794 0.0345781 -0.28394
1960:3:16:0 -0.176281 0.155655 0.12176 -0.314988
1960:4:16:0 0.0593572 -0.23553 0.0479033 0.15317
1960:5:16:0 0.0649312 -0.064831 0.142972 0.0258607
1960:6:16:0 -0.0999635 -0.269897 -0.082832 0.0764009
1960:7:16:0 -0.0546796 -0.148833 0.157637 -0.0590818
1960:8:16:0 -0.0264367 -0.0594854 -0.034848 0.02073
1960:9:16:0 0.0894569 0.130536 0.0984104 -0.0250163
1960:10:16:0 0.0610965 -0.445133 -0.0673239 0.317325
1960:11:16:0 -0.0080209 -0.635085 0.125887 0.246578
1960:12:16:0 0.289099 -0.187378 -0.110332 0.437954
1961:1:16:0 0.0234946 -0.0143438 -0.251954 0.156644
1961:2:16:0 0.0674063 0.401983 0.174566 -0.220869
1961:3:16:0 -0.0634655 0.099826 -0.00618374 -0.110287
1961:4:16:0 -0.113832 0.128515 0.128349 -0.242264
1961:5:16:0 -0.0426066 -0.126041 -0.0700994 0.0554638
1961:6:16:0 0.0144793 -0.100816 -0.179534 0.154654
1961:7:16:0 -0.0908831 -0.617583 -0.295189 0.365503
1961:8:16:0 -0.0926092 -0.32661 -0.205852 0.173622
1961:9:16:0 -0.0978358 -0.634738 -0.367607 0.403337
1961:10:16:0 -0.294278 -0.510602 -0.353515 0.137781
1961:11:16:0 -0.162511 -0.227797 -0.290989 0.0968818
1961:12:16:0 -0.314511 -0.216004 -0.137716 -0.137652
1962:1:16:0 -0.315375 -0.229736 -0.0120745 -0.194469
1962:2:16:0 -0.149259 -0.156359 -0.26523 0.0615352
1962:3:16:0 -0.180237 -0.712681 -0.0682353 0.210221
1962:4:16:0 -0.0886926 -0.995935 -0.20175 0.51015
1962:5:16:0 -0.269976 -0.500491 -0.183195 0.0718671
1962:6:16:0 -0.0434178 -0.622032 -0.134886 0.335041
1962:7:16:0 -0.108928 -0.376442 0.0232921 0.0676468
1962:8:16:0 -0.110097 -0.118555 -0.106641 0.00250089
1962:9:16:0 -0.236424 -0.289712 -0.134111 -0.0245131
1962:10:16:0 -0.255615 -0.54844 -0.0454991 0.0413545
1962:11:16:0 -0.147588 -0.451984 -0.187724 0.172266
1962:12:16:0 -0.271906 -0.672363 -0.197511 0.163031
1963:1:16:0 -0.174121 -0.100849 -0.134487 -0.056453
1963:2:16:0 -0.0304611 -0.241696 -0.273894 0.227334
1963:3:16:0 0.017006 0.148777 -0.139037 0.012136
1963:4:16:0 0.0958336 -0.0908738 -0.17086 0.226701
1963:5:16:0 0.00367879 0.206822 -0.0382525 -0.0806058
1963:6:16:0 -0.0608462 0.172076 -0.222775 -0.0354968
1963:7:16:0 0.267392 0.451236 -0.3243 0.203924
1963:8:16:0 0.46774 0.53103 -0.157349 0.2809
1963:9:16:0 0.37362 0.548406 -0.284583 0.241709
1963:10:16:0 0.522842 0.431075 -0.354492 0.48455
1963:11:16:0 0.524501 0.288936 -0.245525 0.502796
1963:12:16:0 0.498052 0.320514 0.0660332 0.304778
1964:1:16:0 0.415789 -0.114243 0.019336 0.463242
1964:2:16:0 0.366492 -0.537014 -0.0750748 0.672537
1964:3:16:0 -0.0564478 -0.532765 -0.0786971 0.249283
1964:4:16:0 -0.0357248 -0.833827 -0.0218905 0.392134
1964:5:16:0 -0.17181 -1.44667 0.0626443 0.5202
1964:6:16:0 -0.327607 -0.979943 0.149077 0.087826
1964:7:16:0 -0.363734 -0.788672 0.160372 -0.0495839
1964:8:16:0 -0.551059 -0.996119 0.0294777 -0.0677388
1964:9:16:0 -0.776584 -0.434159 0.155835 -0.637423
1964:10:16:0 -0.807551 -0.763106 0.27757 -0.564783
1964:11:16:0 -0.835913 -0.458262 0.0695254 -0.641545
1964:12:16:0 -0.75897 -0.609914 -0.122976 -0.392526
1965:1:16:0 -0.341145 -0.284211 -0.280228 -0.0589262
1965:2:16:0 -0.312343 0.0301856 -0.161417 -0.246727
1965:3:16:0 -0.336267 0.386725 -0.274431 -0.392414
1965:4:16:0 -0.140647 0.811001 -0.191909 -0.450193
1965:5:16:0 -0.0252448 1.20048 -0.170905 -0.540032
1965:6:16:0 0.100954 1.15618 -0.35914 -0.297568
1965:7:16:0 0.272505 1.08239 -0.841241 0.151933
1965:8:16:0 0.496299 1.1465 -0.525282 0.18569
1965:9:16:0 0.547477 0.905028 -0.484815 0.33737
1965:10:16:0 0.780006 0.777039 -0.461894 0.622434
1965:11:16:0 0.778851 0.876054 -0.438074 0.559861
1965:12:16:0 0.688437 0.912928 -0.540919 0.502433
1966:1:16:0 0.633136 0.720935 -0.371028 0.458183
1966:2:16:0 0.513871 0.173084 -0.336168 0.595413
1966:3:16:0 0.803431 -0.516128 -0.351963 1.23748
1966:4:16:0 0.476734 -0.583444 -0.269703 0.903307
1966:5:16:0 0.381784 -0.656172 -0.379719 0.89973
1966:6:16:0 0.425099 -0.566719 -0.26205 0.839484
1966:7:16:0 0.576628 -0.233049 -0.183253 0.784779
1966:8:16:0 0.437833 -0.237798 -0.0613282 0.587396
1966:9:16:0 0.436521 -0.418972 -0.147991 0.720003
1966:10:16:0 0.287818 -0.338555 -0.127305 0.520748
1966:11:16:0 0.190335 -0.462294 -0.0615177 0.452242
1966:12:16:0 0.130186 -0.534771 -0.0811638 0.438154
1967:1:16:0 -0.28469 -0.437575 -0.257002 0.0625989
1967:2:16:0 -0.330951 -0.197725 -0.419327 -0.0224253
1967:3:16:0 -0.115484 -0.359027 -0.372119 0.250089
1967:4:16:0 0.0394973 -0.273729 -0.345963 0.349344
1967:5:16:0 0.155868 -0.377624 -0.319806 0.504583
1967:6:16:0 0.128502 -0.178029 -0.220149 0.327591
1967:7:16:0 0.123119 -0.477897 -0.410209 0.567172
1967:8:16:0 -0.0440018 -0.871528 -0.314258 0.548891
1967:9:16:0 -0.107553 -0.945919 -0.288321 0.509567
1967:10:16:0 0.00324916 -1.1557 -0.407444 0.784819
1967:11:16:0 0.0327119 -1.01261 -0.545433 0.811735
1967:12:16:0 -0.00118203 -1.01742 -0.470153 0.742603
1968:1:16:0 -0.0886412 -0.918156 -0.386223 0.563548
1968:2:16:0 0.00634034 -0.718385 -0.542587 0.636826
1968:3:16:0 -0.266366 -0.762789 -0.300015 0.265036
1968:4:16:0 -0.160081 -0.723544 -0.0621943 0.232788
1968:5:16:0 -0.0767469 -0.919701 0.201567 0.28232
1968:6:16:0 0.297055 -0.524675 0.45316 0.332813
1968:7:16:0 0.209221 -0.107927 0.490238 0.0180657
1968:8:16:0 0.24638 0.192958 0.258097 0.0208528
1968:9:16:0 0.0917882 0.454759 0.112641 -0.191912
1968:10:16:0 0.419682 0.213808 0.0300907 0.297733
1968:11:16:0 0.66198 0.163424 -0.178891 0.669713
1968:12:16:0 0.60473 0.485722 -0.181779 0.452758
1969:1:16:0 1.02022 0.175317 -0.290918 1.07802
1969:2:16:0 1.12513 0.010399 -0.274532 1.2572
1969:3:16:0 0.752432 0.509376 -0.102858 0.549173
1969:4:16:0 0.58184 0.801522 0.0939094 0.134124
1969:5:16:0 0.468312 1.13717 0.0667505 -0.133649
1969:6:16:0 0.256942 0.976666 0.220096 -0.341439
1969:7:16:0 0.2481 0.529461 0.0800213 -0.0566412
1969:8:16:0 0.493957 0.424923 -0.0313658 0.297178
1969:9:16:0 0.556999 0.544552 0.111783 0.228831
1969:10:16:0 0.547096 0.964682 0.148055 -0.00927228
1969:11:16:0 0.612324 0.810287 0.0292946 0.192533
1969:12:16:0 0.589285 0.851998 0.220497 0.0530377
1970:1:16:0 0.539374 0.699573 0.388995 -0.00491041
1970:2:16:0 0.445381 0.0220148 0.180994 0.343876
1970:3:16:0 0.314419 -0.234344 0.311024 0.276079
1970:4:16:0 0.268269 -0.204939 0.155952 0.292763
1970:5:16:0 0.339468 -0.577939 0.198783 0.529046
1970:6:16:0 0.119858 -0.88295 0.181088 0.470789
1970:7:16:0 -0.0930417 -1.46372 0.207533 0.535052
1970:8:16:0 -0.250066 -1.17642 0.16081 0.257737
1970:9:16:0 -0.289654 -0.891085 0.285073 0.0133516
1970:10:16:0 -0.416372 -0.631931 0.423751 -0.312282
1970:11:16:0 -0.392216 -0.828161 0.436097 -0.196184
1970:12:16:0 -0.787288 -0.826562 0.300424 -0.524219
1971:1:16:0 -0.970016 -0.840202 0.187939 -0.643885
1971:2:16:0 -0.809838 -1.17192 0.08781 -0.267781
1971:3:16:0 -0.860297 -0.844442 0.0776446 -0.476899
1971:4:16:0 -0.615122 -0.346155 -0.132644 -0.375722
1971:5:16:0 -0.481671 -0.689346 -0.0705265 -0.101734
1971:6:16:0 -0.548903 -0.827668 -0.219706 -0.0252165
1971:7:16:0 -0.546848 -0.554379 -0.204063 -0.167627
1971:8:16:0 -0.610201 -0.801539 0.0240914 -0.221477
1971:9:16:0 -0.741185 -0.703563 0.298259 -0.538533
1971:10:16:0 -0.469472 -0.835882 0.152256 -0.127659
1971:11:16:0 -0.456502 -0.786532 0.15045 -0.138461
1971:12:16:0 -0.41698 -0.73307 0.0434567 -0.072173
1972:1:16:0 -0.239696 -0.018741 0.183762 -0.322207
1972:2:16:0 -0.00155087 0.254349 0.158747 -0.208099
1972:3:16:0 -0.015568 0.339226 -0.129083 -0.12064
1972:4:16:0 0.320283 0.639154 -0.218238 0.109825
1972:5:16:0 0.466408 0.757722 -0.25718 0.216137
1972:6:16:0 0.450319 1.28173 -0.328882 -0.0261056
1972:7:16:0 0.462928 1.73549 -0.396914 -0.206359
1972:8:16:0 0.45623 2.0768 -0.392592 -0.385875
1972:9:16:0 0.447774 1.5463 -0.349329 -0.150711
1972:10:16:0 0.858749 1.48648 -0.194112 0.212565
1972:11:16:0 0.716272 1.55915 -0.236609 0.0550002
1972:12:16:0 0.891065 1.8124 -0.102486 0.0361099
1973:1:16:0 0.867202 1.27368 -0.154688 0.307704
1973:2:16:0 0.589282 0.410834 -0.0628952 0.415313
1973:3:16:0 0.466608 0.053076 -0.146174 0.513157
1973:4:16:0 0.114459 -0.39819 0.051115 0.287996
1973:5:16:0 0.0457343 -0.5438 0.120121 0.257573
1973:6:16:0 -0.271486 -0.618371 0.286087 -0.105344
1973:7:16:0 -0.402367 -0.768154 0.314798 -0.175688
1973:8:16:0 -0.617825 -0.882221 0.47756 -0.415495
1973:9:16:0 -0.825297 -0.8214 0.377457 -0.603325
1973:10:16:0 -0.94261 -0.707833 0.292633 -0.73501
1973:11:16:0 -1.13464 -0.653762 0.299616 -0.957571
1973:12:16:0 -1.40467 -0.693759 0.239462 -1.17752
1974:1:16:0 -1.29945 -0.717819 0.0194984 -0.950291
1974:2:16:0 -0.974573 -0.573123 -0.1109 -0.632562
1974:3:16:0 -0.94482 -0.205528 -0.32256 -0.680775
1974:4:16:0 -0.703412 -0.109311 -0.391709 -0.452902
1974:5:16:0 -0.625516 0.0829577 -0.21829 -0.55785
1974:6:16:0 -0.601833 -0.0176729 -0.223325 -0.481334
1974:7:16:0 -0.655615 -0.0906539 -0.0518275 -0.584374
1974:8:16:0 -0.437749 0.0103854 -0.00752008 -0.439181
1974:9:16:0 -0.565074 -0.424529 0.235654 -0.470636
1974:10:16:0 -0.624323 -0.702786 0.146726 -0.346293
1974:11:16:0 -0.67708 -0.50824 -0.1209 -0.36251
1974:12:16:0 -0.665772 -0.688541 -0.215154 -0.213925
1975:1:16:0 -0.473265 -0.685351 -0.159319 -0.05093
1975:2:16:0 -0.269909 -0.610201 -0.168323 0.119353
1975:3:16:0 -0.493247 -0.147826 -0.110179 -0.364244
1975:4:16:0 -0.542601 -0.0434765 0.0321725 -0.536949
1975:5:16:0 -0.69447 -0.460717 0.0701583 -0.499191
1975:6:16:0 -0.746554 -0.710746 -0.0735159 -0.354423
1975:7:16:0 -0.960109 -0.359206 0.0803284 -0.82067
1975:8:16:0 -1.10611 -0.356208 0.190931 -1.02347
1975:9:16:0 -1.35973 -0.793082 0.421756 -1.17407
1975:10:16:0 -1.45745 -0.925835 0.210754 -1.09991
1975:11:16:0 -1.40675 -1.11552 0.19025 -0.944116
1975:12:16:0 -1.41993 -1.16397 -0.0363834 -0.819753
1976:1:16:0 -1.1823 -0.798096 0.0696666 -0.818088
1976:2:16:0 -0.836755 -0.422092 -0.109866 -0.570776
1976:3:16:0 -0.514028 -0.26185 -0.263451 -0.251377
1976:4:16:0 -0.420268 0.11394 -0.328088 -0.313195
1976:5:16:0 -0.461301 0.392717 -0.444289 -0.435514
1976:6:16:0 -0.251742 0.956537 -0.467278 -0.496372
1976:7:16:0 -0.213256 1.24924 -0.310312 -0.682717
1976:8:16:0 -0.193979 1.18227 -0.266195 -0.652014
1976:9:16:0 0.109831 0.836445 -0.307503 -0.15464
1976:10:16:0 0.292766 0.792684 -0.0591167 -0.0740175
1976:11:16:0 0.41955 0.64547 0.182865 0.00538287
1976:12:16:0 0.172667 0.591775 0.178853 -0.212647
1977:1:16:0 0.255337 0.671081 0.134712 -0.14756
1977:2:16:0 0.196886 0.379572 0.109362 -0.0475813
1977:3:16:0 0.123213 0.252629 -0.0155283 0.00466277
1977:4:16:0 -0.106054 -0.176375 -0.147194 0.0557306
1977:5:16:0 -0.0263401 0.00205022 -0.0630763 0.00417298
1977:6:16:0 0.191157 0.232671 -0.114786 0.132214
1977:7:16:0 0.454318 0.239455 -0.178933 0.424057
1977:8:16:0 0.418946 -0.270719 -0.0915142 0.600063
1977:9:16:0 0.573368 -0.189879 -0.173371 0.754993
1977:10:16:0 0.640683 -0.0338342 -0.177865 0.746533
1977:11:16:0 0.72073 0.0187832 -0.0548069 0.738742
1977:12:16:0 0.748746 -0.214397 -0.114321 0.913105
1978:1:16:0 0.516728 0.115239 -0.084259 0.501238
1978:2:16:0 0.336276 -0.0474004 -0.229682 0.474817
1978:3:16:0 0.0972513 -0.257116 0.0118102 0.219904
1978:4:16:0 -0.049408 -0.370959 -0.0860188 0.179081
1978:5:16:0 0.0121564 -0.526586 0.19097 0.179964
1978:6:16:0 -0.126585 -0.738492 0.464895 0.0102134
1978:7:16:0 0.01442 -0.419032 0.615449 -0.0837886
1978:8:16:0 -0.0618125 -0.59547 0.340103 0.0658706
1978:9:16:0 -0.14259 -0.325372 0.261777 -0.110792
1978:10:16:0 -0.114121 -0.254483 0.0114365 0.00740217
1978:11:16:0 -0.0357074 0.0698021 -0.086714 -0.0272514
1978:12:16:0 -0.0309586 0.328595 0.032729 -0.211621
1979:1:16:0 0.148982 0.249643 0.0138375 0.017242
1979:2:16:0 0.124081 -0.113096 0.0777449 0.141756
1979:3:16:0 0.130141 -0.0179216 -0.0786971 0.17845
1979:4:16:0 0.15927 0.383353 -0.10524 0.0202139
1979:5:16:0 -0.0158551 0.335025 0.14096 -0.253847
1979:6:16:0 0.0729055 0.493353 0.17825 -0.262896
1979:7:16:0 0.00453401 0.321067 -0.051176 -0.130411
1979:8:16:0 -0.00514451 0.515578 -0.111837 -0.207015
1979:9:16:0 0.0394511 0.784066 0.148995 -0.427079
1979:10:16:0 0.194033 0.715513 -0.111022 -0.108212
1979:11:16:0 0.160774 0.477216 -0.127437 -0.0141157
1979:12:16:0 0.474685 0.353894 -0.120098 0.357787
1980:1:16:0 0.53332 0.323904 -0.254921 0.498828
1980:2:16:0 0.530502 0.105104 -0.307921 0.631911
1980:3:16:0 0.439539 0.230204 -0.151921 0.400397
1980:4:16:0 0.333836 0.242 -0.229894 0.327783
1980:5:16:0 0.360548 0.392314 -0.146447 0.237615
1980:6:16:0 0.288275 0.284738 -0.16703 0.229421
1980:7:16:0 0.231712 -0.118893 -0.0533197 0.317818
1980:8:16:0 -0.016722 -0.0454183 0.123434 -0.05573
1980:9:16:0 0.0628765 0.13427 -0.0251354 0.00830905
1980:10:16:0 0.204537 -0.128659 -0.0214969 0.279615
1980:11:16:0 0.330487 -0.107563 0.083331 0.342603
1980:12:16:0 0.253726 -0.249646 0.191739 0.28268
1981:1:16:0 0.037085 -0.653572 -0.00324955 0.365496
1981:2:16:0 -0.110126 -0.422915 0.0443907 0.0791361
1981:3:16:0 0.121621 -0.103492 0.0295972 0.158569
1981:4:16:0 -0.106816 -0.173246 0.232708 -0.136547
1981:5:16:0 -0.0765758 -0.0976396 0.505072 -0.280292
1981:6:16:0 -0.203827 0.0388394 0.460405 -0.453449
1981:7:16:0 -0.275422 -0.16653 0.634131 -0.509223
1981:8:16:0 -0.170452 -0.294462 0.419761 -0.233102
1981:9:16:0 0.0448796 -0.014351 0.323756 -0.109823
1981:10:16:0 0.0710688 0.080948 0.234481 -0.0866454
1981:11:16:0 0.0901407 -0.0287927 0.297726 -0.0443258
1981:12:16:0 0.184462 0.283462 -0.0133818 0.0494222
1982:1:16:0 0.116263 0.322871 0.18456 -0.137452
1982:2:16:0 0.0456849 0.135455 0.0999457 -0.0720155
1982:3:16:0 0.274189 -0.191415 0.128085 0.305854
1982:4:16:0 0.474363 -0.00824411 -0.0175462 0.487258
1982:5:16:0 0.58904 0.407377 -0.0885892 0.429646
1982:6:16:0 0.726869 0.436345 -0.165842 0.591617
1982:7:16:0 0.461311 0.578984 -0.325554 0.334596
1982:8:16:0 0.430683 0.990993 -0.44959 0.159981
1982:9:16:0 0.566203 1.73973 -0.499504 -0.0539115
1982:10:16:0 0.957272 2.00376 -0.42932 0.170054
1982:11:16:0 0.730606 2.46928 -0.407921 -0.300073
1982:12:16:0 0.683201 2.71777 -0.10768 -0.621845
1983:1:16:0 0.781531 2.51658 -0.0285593 -0.462479
1983:2:16:0 0.694006 2.10356 0.0323312 -0.37394
1983:3:16:0 0.522442 2.13444 0.0157301 -0.552642
1983:4:16:0 0.278616 2.48798 0.0244523 -0.977602
1983:5:16:0 0.338355 2.92005 -0.106471 -1.06844
1983:6:16:0 0.224056 3.16702 0.146362 -1.43264
1983:7:16:0 -0.0120153 2.84835 0.172032 -1.5222
1983:8:16:0 -0.0839751 2.26173 0.148565 -1.28912
1983:9:16:0 -0.259288 1.48313 0.35109 -1.1764
1983:10:16:0 -0.414707 0.908813 0.35104 -1.04463
1983:11:16:0 -0.45238 0.581114 0.310447 -0.898161
1983:12:16:0 -0.262708 0.538 0.146887 -0.605152
1984:1:16:0 -0.214519 0.196629 0.356143 -0.490904
1984:2:16:0 -0.23844 -0.0246863 0.388491 -0.420343
1984:3:16:0 -0.351777 0.0867311 0.305261 -0.547773
1984:4:16:0 -0.453663 0.107104 0.353486 -0.683958
1984:5:16:0 -0.449574 -0.350131 0.284381 -0.416699
1984:6:16:0 -0.372665 -0.443656 0.0681782 -0.184926
1984:7:16:0 -0.175275 -0.150967 0.0708676 -0.135225
1984:8:16:0 -0.239715 -0.106415 0.226594 -0.299804
1984:9:16:0 0.000302563 -0.00320513 0.389385 -0.192787
1984:10:16:0 -0.393015 -0.234171 0.211712 -0.381785
1984:11:16:0 -0.619672 -0.0714158 0.18189 -0.674909
1984:12:16:0 -0.810139 -0.227177 0.138553 -0.765827
1985:1:16:0 -0.378757 -0.398736 0.0486352 -0.203707
1985:2:16:0 -0.433534 -0.527668 0.161747 -0.250574
1985:3:16:0 -0.549985 -0.281691 0.283826 -0.551052
1985:4:16:0 -0.543833 -0.561698 0.281469 -0.403718
1985:5:16:0 -0.445043 -0.767621 0.220051 -0.171258
1985:6:16:0 -0.40487 -0.699717 0.0704887 -0.0902561
1985:7:16:0 -0.128467 -0.616491 -0.0463845 0.202971
1985:8:16:0 -0.07094 -0.634154 -0.0287268 0.2605
1985:9:16:0 -0.0247538 -0.516302 0.0288308 0.218982
1985:10:16:0 -0.0523254 -0.480525 0.130671 0.122602
1985:11:16:0 0.0700746 -0.533739 0.43105 0.121419
1985:12:16:0 0.0923512 -0.356959 0.533426 0.00411737
1986:1:16:0 -0.160915 -0.289734 0.261715 -0.146906
1986:2:16:0 -0.0746 -0.011064 0.105743 -0.12194
1986:3:16:0 -0.0715315 -0.236213 0.173987 -0.0404185
1986:4:16:0 -0.0332754 -0.32538 0.162508 0.0481604
1986:5:16:0 -0.0215586 -0.41844 0.391353 -0.00801507
1986:6:16:0 0.241641 -0.393121 0.308215 0.284093
1986:7:16:0 0.341625 -0.0365619 0.378615 0.170599
1986:8:16:0 0.464772 0.0598962 0.303704 0.282973
1986:9:16:0 0.673191 0.0951206 0.178019 0.536622
1986:10:16:0 0.714453 0.451275 0.288556 0.344538
1986:11:16:0 0.796903 0.544221 0.202195 0.423695
1986:12:16:0 0.687751 0.652846 0.0436171 0.339519
1987:1:16:0 0.691814 0.698201 0.0160908 0.334669
1987:2:16:0 0.732249 0.85076 -0.236314 0.425026
1987:3:16:0 0.8004 0.963082 0.00658232 0.315568
1987:4:16:0 0.52313 1.06266 0.143608 -0.0800035
1987:5:16:0 0.59743 1.17928 0.195845 -0.0901311
1987:6:16:0 0.809911 0.837973 0.248116 0.266867
1987:7:16:0 0.858287 1.24474 0.0923031 0.189763
1987:8:16:0 0.863637 1.20989 0.126855 0.195263
1987:9:16:0 0.982724 1.4266 0.0988978 0.219975
1987:10:16:0 1.03558 1.35483 0.245359 0.235485
1987:11:16:0 1.04662 1.07479 0.297644 0.360399
1987:12:16:0 0.924612 1.11146 0.234977 0.251395
1988:1:16:0 0.773436 0.476275 0.412791 0.328903
1988:2:16:0 0.560708 0.10852 0.486101 0.263397
1988:3:16:0 0.449364 0.0740896 0.73004 0.0472994
1988:4:16:0 0.00825657 -0.284691 0.646682 -0.172739
1988:5:16:0 -0.263231 -0.466848 0.582478 -0.321046
1988:6:16:0 -0.370783 -1.09435 0.564601 -0.105909
1988:7:16:0 -0.497968 -0.968603 0.610087 -0.31871
1988:8:16:0 -0.476609 -0.88935 0.767917 -0.415893
1988:9:16:0 -0.526309 -0.828631 0.819573 -0.52178
1988:10:16:0 -1.03622 -0.77595 0.771852 -1.03417
1988:11:16:0 -1.11498 -0.55579 0.655573 -1.16488
1988:12:16:0 -1.03043 -0.672534 0.465029 -0.926674
1989:1:16:0 -1.15241 -0.292671 0.566832 -1.28949
1989:2:16:0 -0.988433 0.059503 0.51018 -1.27327
1989:3:16:0 -0.860093 -0.274237 0.490442 -0.968196
1989:4:16:0 -0.673141 -0.230576 0.493566 -0.804636
1989:5:16:0 -0.476138 -0.624294 0.408768 -0.368375
1989:6:16:0 -0.474628 -0.359214 0.442761 -0.516401
1989:7:16:0 -0.242592 -0.100865 0.589497 -0.486908
1989:8:16:0 -0.266257 -0.201132 0.637208 -0.484295
1989:9:16:0 -0.0412455 -0.171 0.514757 -0.213124
1989:10:16:0 -0.0550311 -0.147556 0.497672 -0.230089
1989:11:16:0 0.0342528 -0.186401 0.295088 -0.0200908
1989:12:16:0 0.189106 -0.0951351 0.172441 0.150453
1990:1:16:0 0.2692 -0.0800348 0.145988 0.236223
1990:2:16:0 0.314034 0.154643 0.284565 0.0944299
1990:3:16:0 0.341952 -0.0637236 0.178904 0.284362
1990:4:16:0 0.276511 0.0485359 0.261028 0.121729
1990:5:16:0 0.327621 0.0554437 0.35702 0.12139
1990:6:16:0 0.239229 0.0745081 0.270433 0.0667583
1990:7:16:0 0.430742 -0.253647 0.355975 0.379578
1990:8:16:0 0.507005 -0.154179 0.394662 0.386764
1990:9:16:0 0.479239 0.00628703 0.0603084 0.445941
1990:10:16:0 0.621864 -0.265669 0.167287 0.671056
1990:11:16:0 0.547367 -0.243549 0.0337258 0.652279
1990:12:16:0 0.680029 -0.100165 -0.0428147 0.751519
1991:1:16:0 0.72729 0.00987192 -0.0153064 0.730007
1991:2:16:0 0.568071 -0.0212352 -0.0227736 0.590075
1991:3:16:0 0.480333 0.0777559 -0.066868 0.47489
1991:4:16:0 0.64806 -0.246075 0.018223 0.761986
1991:5:16:0 0.659166 0.262548 -0.0709043 0.563344
1991:6:16:0 0.717888 0.417518 0.0385299 0.489864
1991:7:16:0 0.673497 0.701183 0.0956106 0.2751
1991:8:16:0 0.666193 0.17454 0.0484568 0.554694
1991:9:16:0 0.536831 0.166123 -0.0571303 0.482334
1991:10:16:0 0.869018 0.460778 -0.239151 0.758205
1991:11:16:0 0.865323 0.659438 -0.0914534 0.58133
1991:12:16:0 0.914414 0.61046 -0.128355 0.673362
1992:1:16:0 0.698095 0.62817 -0.0343776 0.401199
1992:2:16:0 0.694114 0.580536 -0.0148405 0.411266
1992:3:16:0 0.675041 0.811473 0.0114783 0.263565
1992:4:16:0 0.678166 1.24704 0.119367 -0.00503683
1992:5:16:0 0.721292 1.42779 0.116266 -0.0507351
1992:6:16:0 0.584858 0.64636 0.184348 0.169504
1992:7:16:0 0.649696 0.212942 -0.000542253 0.543496
1992:8:16:0 0.429893 0.0712698 0.206835 0.29084
1992:9:16:0 0.44876 -0.108115 0.279325 0.363155
1992:10:16:0 0.349861 0.0509246 0.213976 0.217411
1992:11:16:0 0.33754 0.0672764 -0.0541449 0.330975
1992:12:16:0 0.386984 -0.0103993 -0.047636 0.416001
1993:1:16:0 0.535644 0.188322 -0.0615089 0.472237
1993:2:16:0 0.490721 0.523891 -0.0813063 0.269428
1993:3:16:0 0.424273 0.568982 0.0581225 0.110721
1993:4:16:0 0.548168 0.919386 -0.154211 0.16558
1993:5:16:0 0.574049 1.10185 -0.149877 0.098061
1993:6:16:0 0.555455 0.769403 0.0896349 0.125936
1993:7:16:0 0.548936 0.464941 0.0538359 0.289547
1993:8:16:0 0.508506 0.378336 0.044159 0.297259
1993:9:16:0 0.588425 0.344099 -0.00445071 0.418601
1993:10:16:0 0.572695 0.485142 -0.112014 0.386131
1993:11:16:0 0.590843 0.203533 0.231547 0.373303
1993:12:16:0 0.547295 0.173705 0.10611 0.407387
1994:1:16:0 0.428136 0.306526 0.143793 0.202976
1994:2:16:0 0.25687 -0.00129161 0.289086 0.112973
1994:3:16:0 0.372751 -0.270861 0.321685 0.347338
1994:4:16:0 0.451082 -0.314739 0.301447 0.457728
1994:5:16:0 0.460164 -0.115924 0.239323 0.398465
1994:6:16:0 0.548241 -0.0971649 0.190499 0.501574
1994:7:16:0 0.71963 -0.229274 0.091745 0.788394
1994:8:16:0 0.902122 -0.341733 -0.0307406 1.08836
1994:9:16:0 0.781097 0.138091 -0.122772 0.773437
1994:10:16:0 0.952326 0.692302 -0.016537 0.614444
1994:11:16:0 0.98418 0.688452 -0.0119554 0.645931
1994:12:16:0 0.901376 0.777067 -0.0283335 0.527009
1995:1:16:0 0.865425 0.824102 -0.0300755 0.468412
1995:2:16:0 0.814995 0.484711 0.0778015 0.533739
1995:3:16:0 0.79734 0.0289955 0.128975 0.718355
1995:4:16:0 0.644791 -0.282717 0.185863 0.693218
1995:5:16:0 0.569184 -0.31151 0.301473 0.574202
1995:6:16:0 0.614454 -0.0660417 0.444267 0.425342
1995:7:16:0 0.538682 0.187372 0.485124 0.202434
1995:8:16:0 0.403929 -0.0977323 0.600599 0.152496
1995:9:16:0 0.276784 -0.0900088 0.503378 0.0700995
1995:10:16:0 0.0704822 -0.0999354 0.519694 -0.139397
1995:11:16:0 0.032047 0.0327119 0.553848 -0.261233
1995:12:16:0 0.0564163 -0.0804965 0.522959 -0.164815
1996:1:16:0 -0.0368181 -0.120322 0.423108 -0.188211
1996:2:16:0 -0.0436719 0.0682692 0.330517 -0.243065
1996:3:16:0 0.0313758 0.281267 0.382942 -0.300728
1996:4:16:0 0.0878812 -0.404375 0.498945 0.0405965
1996:5:16:0 -0.00969417 -0.216863 0.498441 -0.150483
1996:6:16:0 0.218417 -0.298103 0.491256 0.121841
1996:7:16:0 0.104271 -0.157648 0.658252 -0.146031
1996:8:16:0 0.0165854 0.104315 0.574509 -0.322827
1996:9:16:0 0.0626651 0.00177248 0.59755 -0.236996
1996:10:16:0 0.115862 -0.182387 0.62186 -0.103874
1996:11:16:0 0.210102 -0.215418 0.500504 0.0675592
1996:12:16:0 0.170741 -0.479257 0.327859 0.24644
1997:1:16:0 0.241475 -0.232835 0.162409 0.276689
1997:2:16:0 0.208653 0.0592429 0.0685638 0.14475
1997:3:16:0 0.246765 0.664527 0.0436097 -0.107303
1997:4:16:0 0.533053 0.682287 0.174314 0.104753
1997:5:16:0 0.689072 1.49519 0.117786 -0.117413
1997:6:16:0 0.617172 2.20202 0.169707 -0.56869
1997:7:16:0 0.825448 2.62789 -0.000759866 -0.488117
1997:8:16:0 0.92591 3.04198 -0.168579 -0.51079
1997:9:16:0 1.04349 3.10481 -0.103921 -0.456956
1997:10:16:0 1.04296 3.23717 0.170921 -0.661089
1997:11:16:0 1.10378 3.25272 0.0774196 -0.561292
1997:12:16:0 0.87018 3.38122 0.298665 -0.969762
1998:1:16:0 0.989647 2.87107 0.0883737 -0.490077
1998:2:16:0 0.818943 2.42442 0.248287 -0.517412
1998:3:16:0 0.596988 2.33753 0.35109 -0.747323
1998:4:16:0 0.31106 2.20825 0.330747 -0.958437
1998:5:16:0 0.28983 2.20353 0.404483 -1.01418
1998:6:16:0 0.00436338 1.52691 0.607391 -1.06278
1998:7:16:0 -0.103688 1.19078 0.960921 -1.17954
1998:8:16:0 -0.237823 1.01729 1.07604 -1.28449
1998:9:16:0 -0.266651 0.547927 1.05912 -1.07018
1998:10:16:0 -0.520517 0.351165 0.951882 -1.17204
1998:11:16:0 -0.604273 0.274456 0.865122 -1.17406
1998:12:16:0 -0.771816 0.229316 0.617142 -1.19504
1999:1:16:0 -0.912336 0.0932462 0.670623 -1.29427
1999:2:16:0 -0.992118 0.268229 0.653855 -1.45316
1999:3:16:0 -0.664912 0.407582 0.689241 -1.21332
1999:4:16:0 -0.532695 -0.236627 0.577359 -0.703062
1999:5:16:0 -0.522117 -0.0883773 0.426306 -0.691081
1999:6:16:0 -0.461399 -0.199848 0.393503 -0.558226
1999:7:16:0 -0.44237 -0.219186 0.427326 -0.54644
1999:8:16:0 -0.534461 -0.147921 0.245501 -0.583251
1999:9:16:0 -0.407061 -0.489158 0.465135 -0.395049
1999:10:16:0 -0.46388 -0.50599 0.553426 -0.487598
1999:11:16:0 -0.700901 -0.728384 0.480787 -0.577102
1999:12:16:0 -0.833626 -0.655269 0.558219 -0.785101
2000:1:16:0 -0.921699 -0.641123 0.623094 -0.912684
2000:2:16:0 -1.03898 -0.172687 0.555991 -1.23064
2000:3:16:0 -0.925407 -0.0749866 0.498544 -1.13719
2000:4:16:0 -0.706179 0.413647 0.500487 -1.16325
2000:5:16:0 -0.610794 0.0175866 0.421456 -0.830316
2000:6:16:0 -0.376627 -0.435964 0.273407 -0.295348
2000:7:16:0 -0.246439 -0.339421 0.125466 -0.139462
2000:8:16:0 -0.138128 -0.218141 0.373598 -0.215857
2000:9:16:0 -0.0903726 -0.0901539 0.433942 -0.262267
2000:10:16:0 -0.195334 -0.152059 0.420917 -0.329762
2000:11:16:0 -0.217986 -0.268935 0.524267 -0.345652
2000:12:16:0 -0.453301 -0.0740429 0.490668 -0.661614
2001:1:16:0 -0.484713 -0.261397 0.699618 -0.703823
2001:2:16:0 -0.511564 0.0749566 0.577059 -0.837572
2001:3:16:0 -0.389336 0.537586 0.638986 -0.977622
2001:4:16:0 -0.156474 0.530154 0.605949 -0.724525
2001:5:16:0 -0.0357132 -0.050554 0.44096 -0.230916
2001:6:16:0 0.138398 -0.223144 0.575087 -0.0375741
2001:7:16:0 0.340614 -0.10717 0.339536 0.224431
2001:8:16:0 0.352172 -0.197683 0.400414 0.250807
2001:9:16:0 0.408793 -0.590532 0.461941 0.473089
2001:10:16:0 0.314488 -0.434626 0.572347 0.245628
2001:11:16:0 0.303218 -0.462961 0.58713 0.241133
2001:12:16:0 0.116283 -0.37422 0.425099 0.0908441
2002:1:16:0 0.336729 -0.444128 0.424451 0.346567
2002:2:16:0 0.274347 -0.0962309 0.412726 0.116099
2002:3:16:0 0.344176 0.610837 0.414798 -0.168642
2002:4:16:0 0.461344 0.359004 0.509474 0.0271048
2002:5:16:0 0.484961 0.434412 0.380699 0.0774052
2002:6:16:0 0.736704 0.063366 0.367015 0.521514
2002:7:16:0 0.722121 0.130638 0.194239 0.559683
2002:8:16:0 0.734728 0.107802 0.0928634 0.634395
2002:9:16:0 0.764051 0.297026 0.0777859 0.576645
2002:10:16:0 0.911864 0.660277 0.321911 0.42077
2002:11:16:0 0.967491 0.837368 0.363672 0.366971
2002:12:16:0 0.867133 0.830149 0.305783 0.299167
2003:1:16:0 0.806882 0.361598 0.275835 0.488165
2003:2:16:0 0.656544 0.132523 0.240213 0.470176
2003:3:16:0 0.670118 -0.0553375 0.214209 0.590682
2003:4:16:0 0.478417 -0.325085 0.452016 0.414952
2003:5:16:0 0.18092 -0.680811 0.469181 0.286736
2003:6:16:0 0.32237 -0.347035 0.356126 0.317824
2003:7:16:0 0.408255 0.0357691 0.507219 0.136761
2003:8:16:0 0.413044 0.391413 0.399407 0.0176344
2003:9:16:0 0.488304 0.0262845 0.4379 0.256212
2003:10:16:0 0.650459 0.36649 0.528004 0.203212
2003:11:16:0 0.596689 0.498876 0.423173 0.135664
2003:12:16:0 0.471915 0.588309 0.263053 0.0462344
2004:1:16:0 0.500047 0.428085 0.326576 0.122716
2004:2:16:0 0.380647 0.294181 0.505021 -0.0189547
2004:3:16:0 0.197176 0.208685 0.549921 -0.182128
2004:4:16:0 0.281035 0.167046 0.41504 -0.010008
2004:5:16:0 0.35667 -0.305849 0.362887 0.328151
2004:6:16:0 0.41441 -0.251032 0.160813 0.45952
2004:7:16:0 0.596955 -0.192216 0.199065 0.59353
2004:8:16:0 0.689036 -0.0522087 0.0223927 0.703945
2004:9:16:0 0.835088 0.156102 0.108422 0.702826
2004:10:16:0 0.85344 0.33232 0.00568196 0.684439
2004:11:16:0 0.789397 0.534989 0.11368 0.465063
2004:12:16:0 0.811311 0.5729 0.313308 0.368206
2005:1:16:0 0.872662 0.296374 0.30883 0.57006
2005:2:16:0 0.56395 -0.139767 0.224126 0.521771
2005:3:16:0 0.515981 -0.330483 0.358331 0.502058
2005:4:16:0 0.438191 0.106991 0.17906 0.295166
2005:5:16:0 0.379969 0.361121 0.257653 0.0705816
2005:6:16:0 0.370204 0.187173 0.304158 0.124539
2005:7:16:0 0.25858 0.338047 0.482395 -0.151641
2005:8:16:0 0.217866 0.218599 0.374785 -0.0788259
2005:9:16:0 0.280486 -0.245449 0.307143 0.249639
2005:10:16:0 0.272007 -0.466381 0.519044 0.245675
2005:11:16:0 0.130083 -0.959878 0.101534 0.559255
2005:12:16:0 -0.0737241 -0.839209 -0.161675 0.426718
2006:1:16:0 -0.276873 -0.252496 0.334107 -0.317678
2006:2:16:0 -0.419124 0.394554 0.504777 -0.868789
2006:3:16:0 -0.25564 0.105594 0.411265 -0.51407
2006:4:16:0 -0.0252857 -0.11859 0.36901 -0.150495
2006:5:16:0 0.142659 0.0232807 0.414458 -0.0762104
2006:6:16:0 0.279591 0.00107744 0.428111 0.0649964
2006:7:16:0 0.318171 0.250626 0.161026 0.112345
2006:8:16:0 0.555085 0.573668 0.0159659 0.260268
2006:9:16:0 0.727311 0.793662 0.275166 0.192897
2006:10:16:0 0.826609 1.02363 -0.0726497 0.351119
2006:11:16:0 0.869671 0.93725 0.0976452 0.352223
2006:12:16:0 0.839592 0.869414 0.2526 0.278585
2007:1:16:0 0.608654 0.671824 0.322047 0.111719
2007:2:16:0 0.383215 0.35548 0.341897 0.034526
2007:3:16:0 0.299727 -0.0467828 0.187028 0.229605
2007:4:16:0 0.268003 -0.2479 0.174467 0.30472
2007:5:16:0 0.0746505 -0.54016 0.290631 0.199415
2007:6:16:0 0.207402 -0.608827 0.549796 0.236918
2007:7:16:0 0.173205 -0.283517 0.464649 0.0826386
2007:8:16:0 0.0824769 -0.599891 0.383625 0.19061
2007:9:16:0 -0.172375 -0.85161 0.393652 0.0566035
2007:10:16:0 -0.409798 -0.992345 0.390791 -0.109021
2007:11:16:0 -0.672662 -1.28267 0.3788 -0.220725
2007:12:16:0 -0.74139 -1.04032 0.489503 -0.465983
2008:1:16:0 -0.973127 -0.704452 0.537713 -0.889757
2008:2:16:0 -1.09499 -0.175116 0.597958 -1.30641
2008:3:16:0 -0.88731 0.1652 0.531082 -1.23545
2008:4:16:0 -0.660344 0.237095 0.473028 -1.01541
2008:5:16:0 -0.550115 0.183858 0.283191 -0.783639
2008:6:16:0 -0.409732 0.352447 0.170138 -0.671025
2008:7:16:0 -0.188285 0.567282 0.325754 -0.634802
2008:8:16:0 -0.105876 0.816918 0.471279 -0.749975
2008:9:16:0 -0.129551 0.428622 0.552655 -0.62019
2008:10:16:0 -0.11807 0.322001 0.577109 -0.567626
2008:11:16:0 -0.240295 0.0703247 0.640968 -0.595942
2008:12:16:0 -0.392724 0.0229498 0.777278 -0.792838
2009:1:16:0 -0.376017 0.069977 0.626042 -0.724026
2009:2:16:0 -0.334071 0.0809333 0.611482 -0.680279
2009:3:16:0 -0.189773 -0.23158 0.596501 -0.372234
2009:4:16:0 0.0584845 0.367945 0.568794 -0.409885
2009:5:16:0 0.322647 0.560294 0.451349 -0.183175
2009:6:16:0 0.508918 0.795064 0.462168 -0.119698
2009:7:16:0 0.644727 0.9292 0.508384 -0.0740657
2009:8:16:0 0.739237 0.841845 0.407255 0.114687
2009:9:16:0 0.766026 0.620733 0.271914 0.319703
2009:10:16:0 1.01253 0.586806 0.247572 0.595343
2009:11:16:0 1.24154 0.584612 0.174763 0.861849
2009:12:16:0 1.28876 0.851458 0.167859 0.779102
2010:1:16:0 1.19276 0.53601 0.087301 0.881107
2010:2:16:0 0.909485 0.284728 0.203306 0.665468
2010:3:16:0 0.840608 0.162388 0.392374 0.563226
2010:4:16:0 0.701827 0.586496 0.410619 0.203269
2010:5:16:0 0.307484 0.471726 0.571078 -0.213919
2010:6:16:0 0.0637311 -0.0212803 0.745168 -0.298213
2010:7:16:0 -0.199025 -0.450948 0.852277 -0.399689
2010:8:16:0 -0.613081 -0.697676 0.772867 -0.650676
2010:9:16:0 -0.782687 -0.798857 0.779178 -0.772848
2010:10:16:0 -0.925766 -1.06283 0.77804 -0.783371
2010:11:16:0 -0.977013 -0.966032 0.704829 -0.846411
2010:12:16:0 -0.948441 -0.786797 0.748106 -0.929096
2011:1:16:0 -1.00353 -0.563092 0.652548 -1.04826
2011:2:16:0 -0.825687 0.00633277 0.59493 -1.12632
2011:3:16:0 -0.541596 -0.201188 0.411007 -0.646506
2011:4:16:0 -0.438877 0.0368636 0.332405 -0.623511
2011:5:16:0 -0.3253 0.162023 0.329999 -0.571311
2011:6:16:0 -0.221453 0.346935 0.212238 -0.50104
2011:7:16:0 -0.185541 0.255684 0.101603 -0.364184
2011:8:16:0 -0.339343 -0.0775458 0.289567 -0.445353
2011:9:16:0 -0.362141 -0.50986 0.341635 -0.278029
2011:10:16:0 -0.430089 -0.500393 0.482111 -0.420948
2011:11:16:0 -0.513195 -0.426303 0.516908 -0.558498
2011:12:16:0 -0.673728 -0.236946 0.684497 -0.897504
2012:1:16:0 -0.622406 -0.192632 0.492148 -0.772164
2012:2:16:0 -0.476146 0.564927 0.511378 -1.0143
2012:3:16:0 -0.321052 0.355969 0.432293 -0.715183
2012:4:16:0 -0.138016 0.553674 0.326097 -0.577901
2012:5:16:0 -0.0856488 0.487486 0.523717 -0.59125
2012:6:16:0 0.0563615 0.929257 0.315843 -0.566188
2012:7:16:0 0.170918 1.02816 0.272249 -0.479287
2012:8:16:0 0.445717 0.641328 0.185569 0.0322686
2012:9:16:0 0.488057 0.422338 0.317239 0.118269
2012:10:16:0 0.509378 0.117597 0.233241 0.333959
2012:11:16:0 0.541758 0.0554425 0.424999 0.301537
2012:12:16:0 0.300719 -0.0925201 0.466273 0.113843
2013:1:16:0 0.159606 -0.195927 0.332958 0.0910898
2013:2:16:0 -0.0366164 0.0553597 0.431917 -0.280255
2013:3:16:0 -0.0119353 0.234628 0.55439 -0.406444
2013:4:16:0 0.143489 -0.242811 0.642824 -0.0565178
2013:5:16:0 0.163955 -0.592645 0.689124 0.115716
2013:6:16:0 0.140315 -0.78867 0.602009 0.233645
2013:7:16:0 0.180507 -0.595335 0.684783 0.135783
2013:8:16:0 0.255998 -0.449495 0.628574 0.166459
2013:9:16:0 0.264516 -0.284453 0.6723 0.0705924
2013:10:16:0 0.236332 0.117008 0.4565 -0.050422
2013:11:16:0 0.332178 -0.106734 0.399514 0.185788
2013:12:16:0 0.200223 0.087574 0.596818 -0.141973
2014:1:16:0 0.0558666 0.245926 0.39783 -0.266011
2014:2:16:0 0.229161 -0.304409 0.280752 0.24099
2014:3:16:0 0.378557 -0.0315652 0.319132 0.234774
2014:4:16:0 0.424464 0.0893204 0.439267 0.16017
2014:5:16:0 0.498765 0.615353 0.453984 -0.0359033
2014:6:16:0 0.566998 0.961621 0.650227 -0.238926
2014:7:16:0 0.482528 0.952787 0.504311 -0.246021
2014:8:16:0 0.518321 0.738651 0.471437 -0.0867225
2014:9:16:0 0.640688 0.348255 0.417716 0.257703
2014:10:16:0 0.685448 0.593146 0.254464 0.261643
2014:11:16:0 0.874427 0.757822 0.306027 0.342503
