1870    -0.98   -1.19   -0.76   -0.75   -1.16   -0.96   -0.91   -0.81   -0.43   -0.86   -0.71   -0.77
 1871    -0.23   -0.57   -0.37   -0.44   -0.60   -0.41   -0.47   -0.26   -0.13   -0.28   -0.22   -0.55
 1872    -0.70   -0.62   -0.44   -0.71   -0.51   -0.41   -0.19   -0.78   -0.91   -0.89   -0.71   -0.85
 1873    -0.76   -1.01   -1.24   -0.61   -0.42   -0.36   -0.45   -0.32   -0.24   -0.72   -0.69   -0.67
 1874    -0.91   -1.06   -1.34   -0.88   -0.75   -0.61   -0.88   -0.98   -1.03   -1.19   -1.24   -1.11
 1875    -0.69   -0.37   -0.53   -0.81   -0.98   -0.65   -0.72   -0.74   -0.81   -0.78   -0.56   -0.73
 1876    -0.93   -1.20   -1.07   -1.12   -0.97   -0.32   -0.21   -0.09    0.08    0.17    0.23    0.25
 1877     0.37    0.46    0.59    0.56    0.86    1.10    1.55    1.62    1.85    2.00    2.17    2.51
 1878     2.43    2.43    1.37    0.98    0.93    1.04    0.38   -0.04   -0.21   -0.48   -0.62   -0.73
 1879    -0.52   -0.18   -0.17   -0.31   -0.72   -0.55   -0.64   -0.62   -0.72   -0.88   -1.05   -1.00
 1880    -0.98   -0.73   -0.56   -0.51   -0.60   -0.49   -0.40   -0.17    0.08    0.22    0.33    0.21
 1881     0.31    0.23    0.38    0.47    0.27    0.35   -0.13   -0.09   -0.23   -0.37   -0.51   -0.35
 1882    -0.43   -0.55   -0.47    0.16    0.12   -0.28   -0.44   -0.26   -0.41   -0.60   -0.84   -0.73
 1883    -0.44   -0.49   -0.34   -0.17   -0.27   -0.09    0.12    0.05   -0.06   -0.36   -0.14   -0.12
 1884    -0.09   -0.01    0.06    0.32    0.51   -0.02    0.41    0.28    0.29    0.35    0.38    0.37
 1885     0.15    0.27    0.18    0.04    0.55    0.28    0.20    0.41    0.62    0.78    0.89    1.05
 1886     0.19   -0.09   -0.05   -0.31   -0.74   -0.78   -0.84   -0.95   -1.10   -1.09   -1.26   -1.41
 1887    -0.66   -1.02   -1.11   -1.12   -1.04   -0.45   -0.42   -0.55   -0.24   -0.07    0.12    0.18
 1888     0.17    0.66    0.46    0.36    0.58    0.51    0.69    1.00    0.69    1.48    2.29    1.70
 1889     2.01    1.48    0.89    0.53    0.43    0.21   -0.63   -0.92   -0.82   -1.26   -1.00   -1.22
 1890    -2.46   -2.11   -1.08   -1.08   -0.89   -0.75   -0.79   -1.31   -1.19   -1.21   -0.99   -0.66
 1891    -0.43   -0.25   -0.00    0.21    0.24    0.40    0.24    0.12    0.03    0.02    0.14    0.04
 1892    -0.48   -0.34   -0.51   -0.59   -0.61   -0.45   -0.49   -0.55   -0.96   -1.49   -1.54   -1.15
 1893    -1.21   -1.15   -1.17   -1.24   -1.21   -1.07   -1.19   -1.22   -1.17   -1.31   -1.22   -0.97
 1894    -1.07   -1.13   -1.00   -0.86   -0.89   -0.72   -0.75   -0.73   -1.00   -0.77   -0.84   -0.45
 1895    -0.71   -0.48   -0.34   -0.11    0.07   -0.10   -0.13    0.43    0.52    0.37    0.53    0.51
 1896     0.18    0.09    0.22    0.05    0.07   -0.09    0.56    1.12    1.15    1.16    1.59    1.58
 1897     1.51    1.14    0.61   -0.16   -0.06    0.09    0.19   -0.08   -0.14   -0.51   -0.53   -0.37
 1898    -0.49   -0.56   -0.72   -0.55   -0.48   -0.17   -0.50   -0.69   -0.09   -0.28   -0.57   -0.76
 1899    -0.73   -0.70   -0.50   -0.28    0.15    0.21    0.11    0.70    0.54    0.98    1.37    1.53
 1900     1.44    1.30    1.06    0.72    0.65    0.88    0.88    0.85    0.66    0.47    0.22    0.63
 1901     0.84    0.30    0.11   -0.07   -0.08   -0.14   -0.17   -0.30   -0.20   -0.26   -0.31   -0.32
 1902    -0.48   -0.26   -0.21    0.26    0.58    0.88    1.57    1.29    1.54    1.45    1.62    1.42
 1903     1.35    0.93    0.86    0.42    0.01    0.41   -0.36   -0.25   -0.50   -0.37   -0.68   -0.99
 1904    -0.71   -0.79   -0.79   -0.66   -0.29    0.26    0.88    0.61    0.11    0.97    0.23    0.88
 1905     0.71    0.72    0.99    0.35    1.19    0.71    0.95    1.12    1.53    1.18    0.91    1.19
 1906     0.91    0.68    0.86    0.51    0.13    0.26   -0.36   -0.30   -0.71   -0.81   -0.25   -0.49
 1907    -0.55   -0.40   -0.37   -0.50   -0.36   -0.29   -0.42   -0.58    0.23   -0.20   -0.17   -0.07
 1908    -0.25    0.07   -0.56   -0.48   -0.35   -0.10   -0.50   -0.33   -0.42   -0.45   -0.80   -1.13
 1909    -0.26   -0.87   -0.48   -0.62   -0.25   -0.98   -0.87   -0.90   -0.74   -1.19   -1.42   -1.05
 1910    -0.91   -0.64   -0.73   -1.11   -1.30   -0.92   -0.75   -0.83   -1.18   -0.88   -0.44   -0.61
 1911    -0.55   -0.58   -0.75   -1.05   -0.94   -0.52   -0.09   -0.21    0.33    0.25    0.93    0.99
 1912     1.57    0.83    0.75    0.64    0.11   -0.13    0.03   -0.32    0.20   -0.08    0.25   -0.46
 1913    -0.18    0.19    0.22   -0.71   -0.17   -0.04   -0.02   -0.01    0.15    0.08    0.88    0.87
 1914     0.72    0.80    0.39    0.76    0.12    0.20    0.66    1.00    0.78    0.31    0.39    0.71
 1915     0.90    0.66    0.56    0.53    0.63    1.21    0.19    0.12    0.27    0.30   -0.07   -0.20
 1916    -0.10   -0.60   -0.48   -0.57   -0.12   -0.25   -0.98   -1.41   -1.26   -1.30   -1.64   -1.61
 1917    -1.54   -1.20   -0.57   -0.23   -0.19    0.08    0.08    0.23    0.08    0.09   -0.34   -0.70
 1918    -0.82   -0.82   -0.89   -0.49   -0.06    0.49    0.05    0.20    0.52    0.99    1.31    1.33
 1919     1.62    1.24    0.96    0.75    0.74    0.72    0.53    0.69    0.61    0.19   -0.28    0.37
 1920     0.66    0.61    0.59   -0.10   -0.10    0.41    0.27    0.21    0.38    0.54    0.00    0.01
 1921     0.45   -0.51   -1.36   -0.49   -0.81   -0.10   -0.15   -0.22   -0.07    0.09   -0.95   -0.47
 1922    -0.52   -0.07    0.14   -0.48    0.33   -0.32   -0.31   -0.71   -0.27   -0.20   -0.23   -0.50
 1923    -0.39   -0.76   -0.79   -0.49   -0.14   -0.03   -0.07    0.27    0.75    0.84    0.95    1.04
 1924     0.49    0.63    0.45    0.04   -0.74   -0.55   -0.85   -0.71   -0.75   -0.40   -1.01   -0.63
 1925    -1.00   -0.47   -0.46   -0.46   -0.29   -0.06    0.63    0.75    0.87    0.90    1.09    1.63
 1926     1.54    1.30    1.25    1.07    0.94    0.72    0.76    0.22    0.03   -0.33   -0.19   -0.20
 1927     0.12    0.24   -0.11   -0.20   -0.48   -0.03   -0.18   -0.02   -0.05    0.32    0.04    0.28
 1928     0.49    0.21   -0.18   -0.16    0.07   -0.14    0.15   -0.21   -0.02   -0.07   -0.08   -0.00
 1929    -0.13   -0.07   -0.08   -0.09   -0.06    0.24    0.11    0.17    0.40    0.46    0.27    0.66
 1930     0.38    0.39    0.36    0.47    0.07    0.38    0.77    0.76    1.39    1.20    1.87    1.44
 1931     1.51    1.34    1.25    1.02    0.74    0.59    0.53    0.22   -0.31   -0.16   -0.19   -0.25
 1932    -0.40   -0.19    0.31    0.31    0.39    0.30    0.02    0.17    0.13    0.07    0.04   -0.38
 1933    -0.19   -0.08   -0.14    0.07   -0.29   -0.74   -0.53   -0.87   -0.66   -1.05   -0.98   -1.18
 1934    -0.91   -0.87   -0.88   -0.36   -0.38   -0.22   -0.30   -0.25   -0.42   -0.20   -0.03   -0.22
 1935    -0.30   -0.19   -0.21   -0.25   -0.43   -0.29   -0.52    0.13    0.19    0.33    0.36   -0.01
 1936     0.76    0.50    0.06    0.35    0.04   -0.24   -0.21   -0.25    0.00    0.44    0.05    0.66
 1937    -0.28    0.30    0.32    0.27   -0.32   -0.18    0.22   -0.13    0.28   -0.05    0.30    0.24
 1938    -0.19    0.23    0.00    0.15   -0.22   -0.77   -0.85   -0.74   -0.18   -0.69   -0.64   -0.77
 1939    -0.64   -0.95   -0.79   -0.21   -0.14    0.17    0.38    0.13    0.54   -0.41    0.41    0.08
 1940     1.21    1.38    1.25    0.86    0.45    0.67    0.34    0.82    0.15    0.38    0.78    1.42
 1941     1.40    1.35    1.47    1.42    1.43    1.00    0.85    0.86    0.78    1.04    1.26    1.30
 1942     0.63    0.53    0.32    0.63    0.01   -0.40   -0.42   -0.88   -1.06   -1.27   -1.42   -1.21
 1943    -1.18   -1.18   -1.04   -0.54   -0.25    0.01    0.04    0.13   -0.13   -0.39   -0.41   -0.39
 1944    -0.40    0.16   -0.14    0.17    0.25    0.15    0.21    0.07   -0.21   -0.17   -0.26   -0.23
 1945    -0.33   -0.47   -0.73   -0.70   -0.35   -0.48   -0.48   -0.77   -0.72   -0.81   -0.34   -0.51
 1946    -0.42   -0.23   -0.30   -0.42   -0.28    0.26    0.16   -0.45   -0.08    0.05   -0.10    0.05
 1947     0.41   -0.13    0.35   -0.01   -0.44    0.18   -0.26   -0.29   -0.95   -0.76   -0.65    0.21
 1948     0.08    0.37    0.70    0.31    0.42    0.18    0.06    0.05    0.08   -0.62   -0.22    0.40
 1949    -0.44    0.26   -0.49    0.25    0.04   -0.60   -0.26   -0.24   -0.54   -0.67   -1.24   -1.18
 1950    -1.03   -1.50   -1.01   -0.85   -1.20   -0.75   -0.95   -0.56   -0.99   -0.77   -1.30   -1.01
 1951    -1.11   -0.74   -0.71   -0.11    0.01    0.03    0.79    0.97    0.77    0.84    0.87    0.74
 1952     0.41    0.24    0.10    0.47   -0.27   -0.54   -0.46   -0.35   -0.25    0.02   -0.24   -0.52
 1953     0.38    0.24    0.28    0.83    0.46    0.53    0.33    0.11    0.78    0.16    0.39    0.18
 1954     0.41    0.22    0.08   -0.26   -0.42   -0.69   -0.89   -1.00   -0.93   -0.86   -1.08   -0.77
 1955    -0.64   -0.78   -0.74   -0.88   -1.12   -1.08   -1.19   -0.84   -1.22   -1.54   -1.83   -1.49
 1956    -1.20   -0.97   -0.87   -0.72   -0.48   -0.72   -0.81   -0.74   -0.80   -0.64   -0.93   -0.55
 1957    -0.54   -0.24    0.15    0.48    0.56    0.65    0.82    0.86    0.64    0.80    1.17    1.20
 1958     1.57    1.40    1.05    0.37    0.43    0.42    0.17    0.31   -0.21    0.03    0.14    0.33
 1959     0.46    0.50    0.32    0.33    0.10   -0.21   -0.15   -0.33   -0.43    0.17   -0.09   -0.02
 1960     0.04   -0.24   -0.02    0.07    0.16   -0.09   -0.12    0.07    0.14   -0.01   -0.30    0.04
 1961    -0.13    0.04   -0.03    0.19    0.10    0.22   -0.19   -0.18   -0.41   -0.66   -0.11   -0.26
 1962    -0.22   -0.16   -0.35   -0.26   -0.31   -0.10   -0.17   -0.06   -0.45   -0.27   -0.35   -0.47
 1963    -0.30   -0.26    0.01    0.01    0.11    0.24    0.85    0.97    0.75    0.89    0.83    1.07
 1964     0.78    0.55   -0.10   -0.47   -0.63   -0.76   -0.52   -0.69   -0.83   -0.94   -1.02   -1.04
 1965    -0.55   -0.35   -0.27   -0.03    0.29    0.57    0.94    1.32    1.36    1.67    1.63    1.48
 1966     1.15    0.83    0.89    0.60    0.05    0.25    0.36   -0.03    0.05    0.01   -0.29   -0.24
 1967    -0.53   -0.56   -0.40   -0.47   -0.13   -0.01    0.03   -0.23   -0.48   -0.32   -0.26   -0.32
 1968    -0.58   -0.74   -0.70   -0.41   -0.33    0.30    0.44    0.40    0.16    0.38    0.85    0.79
 1969     0.92    1.03    0.67    0.39    0.49    0.38    0.22    0.59    0.57    0.72    0.83    0.71
 1970     0.57    0.36    0.33    0.24    0.12   -0.19   -0.85   -0.88   -0.68   -0.60   -0.77   -1.09
 1971    -1.45   -1.28   -1.23   -0.91   -0.71   -0.66   -0.51   -0.58   -0.65   -0.72   -0.77   -0.87
 1972    -0.56   -0.21   -0.19    0.27    0.44    0.77    0.96    1.38    1.29    1.83    1.96    2.22
 1973     1.62    1.08    0.64   -0.01   -0.45   -0.74   -1.02   -1.14   -1.30   -1.52   -1.99   -2.15
 1974    -2.00   -1.50   -1.37   -0.94   -0.68   -0.58   -0.52   -0.25   -0.25   -0.69   -0.88   -0.83
 1975    -0.35   -0.33   -0.53   -0.52   -0.89   -1.14   -1.11   -1.09   -1.33   -1.42   -1.38   -1.61
 1976    -1.78   -1.05   -0.61   -0.36   -0.38    0.12    0.28    0.38    0.67    0.91    0.97    0.67
 1977     0.86    0.55    0.46   -0.19    0.08    0.48    0.57    0.33    0.55    0.95    1.12    1.11
 1978     0.74    0.51    0.12   -0.31   -0.39   -0.34   -0.35   -0.54   -0.49   -0.28   -0.07    0.10
 1979     0.07    0.10    0.19    0.23    0.02    0.15   -0.07    0.29    0.58    0.37    0.43    0.72
 1980     0.57    0.34    0.16    0.26    0.24    0.48    0.15   -0.15   -0.02   -0.05    0.18    0.38
 1981    -0.43   -0.45    0.05   -0.11    0.00   -0.03   -0.31   -0.10    0.04    0.02   -0.18    0.09
 1982    -0.01   -0.12    0.05    0.30    0.76    1.04    0.76    1.00    1.49    2.05    2.15    2.36
 1983     2.45    2.22    1.76    1.19    1.23    0.74    0.02   -0.06   -0.39   -0.98   -1.05   -0.92
 1984    -0.78   -0.53   -0.42   -0.54   -0.53   -0.78   -0.27   -0.33   -0.24   -0.78   -1.10   -1.51
 1985    -0.86   -0.91   -0.90   -0.92   -0.79   -0.64   -0.48   -0.42   -0.46   -0.58   -0.35   -0.37
 1986    -0.76   -0.64   -0.44   -0.34   -0.36    0.04    0.28    0.31    0.70    0.96    1.13    1.00
 1987     1.22    1.18    1.30    0.95    1.02    1.35    1.47    1.56    1.63    1.42    1.37    1.08
 1988     0.72    0.35    0.35   -0.43   -0.94   -1.34   -1.41   -1.37   -1.23   -2.03   -2.09   -1.96
 1989    -1.93   -1.37   -1.26   -1.05   -0.69   -0.53   -0.34   -0.51   -0.28   -0.34   -0.22   -0.10
 1990     0.04    0.36    0.27    0.32    0.43    0.12    0.28    0.25    0.22    0.18    0.16    0.34
 1991     0.53    0.32    0.17    0.27    0.55    0.77    0.75    0.50    0.33    0.96    1.22    1.64
 1992     1.63    1.63    1.56    1.47    1.38    0.65    0.40   -0.07   -0.04   -0.29   -0.06    0.07
 1993     0.30    0.43    0.54    0.98    1.04    0.75    0.45    0.23    0.37    0.41    0.37    0.21
 1994     0.06   -0.16    0.00    0.09    0.25    0.39    0.28    0.59    0.50    0.95    1.22    1.24
 1995     1.12    0.88    0.56    0.33    0.14    0.20    0.16   -0.31   -0.46   -0.67   -0.70   -0.70
 1996    -0.63   -0.66   -0.41   -0.28   -0.29   -0.00   -0.01   -0.23   -0.23   -0.22   -0.22   -0.40
 1997    -0.41   -0.23    0.00    0.40    0.98    1.27    1.73    2.01    2.21    2.35    2.51    2.33
 1998     2.44    2.08    1.55    0.96    0.79   -0.27   -0.60   -0.76   -0.72   -1.13   -1.14   -1.48
 1999    -1.51   -1.41   -0.85   -0.75   -0.76   -0.83   -0.71   -0.91   -0.74   -0.98   -1.33   -1.52
 2000    -1.77   -1.53   -1.20   -0.74   -0.69   -0.64   -0.44   -0.29   -0.29   -0.50   -0.66   -0.89
 2001    -0.86   -0.63   -0.42   -0.24   -0.19    0.00    0.14    0.00   -0.18   -0.20   -0.20   -0.43
 2002    -0.12    0.00    0.17    0.20    0.32    0.80    0.70    0.77    0.92    1.22    1.49    1.44
 2003     1.00    0.64    0.54    0.03   -0.41   -0.08    0.27    0.12    0.25    0.51    0.47    0.34
 2004     0.29    0.17   -0.04    0.12    0.21    0.25    0.54    0.74    0.77    0.79    0.70    0.73
 2005     0.58    0.26    0.35    0.34    0.41    0.34    0.12    0.03    0.02   -0.09   -0.36   -0.73
 2006    -0.96   -0.71   -0.67   -0.24    0.00    0.21    0.16    0.45    0.73    0.82    1.06    1.13
 2007     0.61    0.12   -0.08   -0.10   -0.28   -0.05   -0.24   -0.49   -0.93   -1.35   -1.50   -1.58
 2008    -1.76   -1.69   -1.10   -0.83   -0.53   -0.33    0.09    0.03   -0.17   -0.24   -0.29   -0.88
 2009    -0.98   -0.71   -0.66   -0.19    0.28    0.60    0.82    0.69    0.79    1.01    1.58    1.84
 2010     1.45    1.18    1.13    0.62   -0.04   -0.50   -0.76   -1.26   -1.46   -1.60   -1.49   -1.61
 2011    -1.68   -1.26   -0.92   -0.68   -0.42   -0.14   -0.10   -0.58   -0.65   -0.87   -1.01   -1.02
 2012    -0.91   -0.61   -0.41   -0.23   -0.07    0.25    0.57    0.74    0.54    0.28    0.41   -0.11
 2013    -0.40   -0.40   -0.07   -0.02   -0.17   -0.22   -0.15   -0.22    0.01   -0.19    0.06   -0.06
 2014    -0.40   -0.44   -0.01    0.34    0.56    0.59    0.26    0.22    0.48    0.54    0.97    0.80
