   1.9500000e+03   1.0000000e+00  -2.1883951e+00
   1.9500000e+03   2.0000000e+00  -1.4458314e+00
   1.9500000e+03   3.0000000e+00  -9.6503568e-01
   1.9500000e+03   4.0000000e+00  -8.5878799e-01
   1.9500000e+03   5.0000000e+00  -6.3408219e-01
   1.9500000e+03   6.0000000e+00  -5.8098428e-01
   1.9500000e+03   7.0000000e+00  -7.4211428e-01
   1.9500000e+03   8.0000000e+00  -5.4938418e-01
   1.9500000e+03   9.0000000e+00  -6.0154498e-01
   1.9500000e+03   1.0000000e+01   1.1943427e-01
   1.9500000e+03   1.1000000e+01  -2.5707438e-01
   1.9500000e+03   1.2000000e+01  -4.9336649e-01
   1.9510000e+03   1.0000000e+00  -4.7853012e-01
   1.9510000e+03   2.0000000e+00  -4.1382623e-01
   1.9510000e+03   3.0000000e+00  -5.6954018e-01
   1.9510000e+03   4.0000000e+00  -5.6114016e-01
   1.9510000e+03   5.0000000e+00  -1.0714146e+00
   1.9510000e+03   6.0000000e+00  -1.4352384e+00
   1.9510000e+03   7.0000000e+00  -1.1039251e+00
   1.9510000e+03   8.0000000e+00  -1.1748547e+00
   1.9510000e+03   9.0000000e+00  -1.4195152e+00
   1.9510000e+03   1.0000000e+01  -1.0693902e+00
   1.9510000e+03   1.1000000e+01  -1.0120413e+00
   1.9510000e+03   1.2000000e+01  -1.2247459e+00
   1.9520000e+03   1.0000000e+00  -1.3350548e+00
   1.9520000e+03   2.0000000e+00  -1.0909977e+00
   1.9520000e+03   3.0000000e+00  -6.6951595e-01
   1.9520000e+03   4.0000000e+00  -4.3371917e-01
   1.9520000e+03   5.0000000e+00  -6.2650865e-01
   1.9520000e+03   6.0000000e+00  -9.7265631e-01
   1.9520000e+03   7.0000000e+00  -1.3356465e+00
   1.9520000e+03   8.0000000e+00  -8.9742819e-01
   1.9520000e+03   9.0000000e+00  -5.8261822e-01
   1.9520000e+03   1.0000000e+01  -2.5781197e-01
   1.9520000e+03   1.1000000e+01  -3.1621332e-01
   1.9520000e+03   1.2000000e+01   8.4508038e-01
   1.9530000e+03   1.0000000e+00   9.4395233e-01
   1.9530000e+03   2.0000000e+00   7.4797162e-01
   1.9530000e+03   3.0000000e+00   1.2173325e+00
   1.9530000e+03   4.0000000e+00   1.2502004e+00
   1.9530000e+03   5.0000000e+00   1.2707073e+00
   1.9530000e+03   6.0000000e+00   1.0567280e+00
   1.9530000e+03   7.0000000e+00   1.0407542e+00
   1.9530000e+03   8.0000000e+00   6.1890140e-01
   1.9530000e+03   9.0000000e+00   2.9073101e-01
   1.9530000e+03   1.0000000e+01   1.0815173e+00
   1.9530000e+03   1.1000000e+01   2.0496203e+00
   1.9530000e+03   1.2000000e+01   1.4189550e+00
   1.9540000e+03   1.0000000e+00   1.0939573e+00
   1.9540000e+03   2.0000000e+00   1.1565140e+00
   1.9540000e+03   3.0000000e+00   7.9373430e-02
   1.9540000e+03   4.0000000e+00  -3.7253308e-01
   1.9540000e+03   5.0000000e+00  -1.6404023e-01
   1.9540000e+03   6.0000000e+00   1.7838068e-01
   1.9540000e+03   7.0000000e+00  -3.5203404e-02
   1.9540000e+03   8.0000000e+00  -1.3153747e-01
   1.9540000e+03   9.0000000e+00  -2.6280328e-01
   1.9540000e+03   1.0000000e+01   1.8381241e-01
   1.9540000e+03   1.1000000e+01   3.5474005e-01
   1.9540000e+03   1.2000000e+01   4.0412547e-01
   1.9550000e+03   1.0000000e+00   3.2620733e-01
   1.9550000e+03   2.0000000e+00  -2.4927549e-01
   1.9550000e+03   3.0000000e+00  -2.1597850e-01
   1.9550000e+03   4.0000000e+00   4.0713200e-02
   1.9550000e+03   5.0000000e+00   2.6141044e-01
   1.9550000e+03   6.0000000e+00  -1.5894133e-02
   1.9550000e+03   7.0000000e+00  -8.8022544e-02
   1.9550000e+03   8.0000000e+00   2.7452670e-01
   1.9550000e+03   9.0000000e+00  -1.1022702e-01
   1.9550000e+03   1.0000000e+01  -5.2419361e-01
   1.9550000e+03   1.1000000e+01  -8.0028769e-02
   1.9550000e+03   1.2000000e+01  -5.1801430e-01
   1.9560000e+03   1.0000000e+00   1.2026690e-01
   1.9560000e+03   2.0000000e+00  -1.3795981e-01
   1.9560000e+03   3.0000000e+00   2.2979146e-02
   1.9560000e+03   4.0000000e+00  -3.8234934e-02
   1.9560000e+03   5.0000000e+00   1.4195733e-01
   1.9560000e+03   6.0000000e+00   4.7106723e-01
   1.9560000e+03   7.0000000e+00   4.6391450e-01
   1.9560000e+03   8.0000000e+00   5.3975909e-01
   1.9560000e+03   9.0000000e+00   3.0064613e-01
   1.9560000e+03   1.0000000e+01  -5.1508982e-02
   1.9560000e+03   1.1000000e+01  -2.2625107e-01
   1.9560000e+03   1.2000000e+01  -7.6721175e-01
   1.9570000e+03   1.0000000e+00  -1.2715967e+00
   1.9570000e+03   2.0000000e+00  -1.9587271e+00
   1.9570000e+03   3.0000000e+00  -1.3393664e+00
   1.9570000e+03   4.0000000e+00  -1.2553542e+00
   1.9570000e+03   5.0000000e+00  -1.0382093e+00
   1.9570000e+03   6.0000000e+00  -1.1681711e+00
   1.9570000e+03   7.0000000e+00  -7.5587754e-01
   1.9570000e+03   8.0000000e+00  -9.0544124e-01
   1.9570000e+03   9.0000000e+00  -9.2223470e-01
   1.9570000e+03   1.0000000e+01  -1.0286289e+00
   1.9570000e+03   1.1000000e+01  -1.4074350e+00
   1.9570000e+03   1.2000000e+01  -7.1664127e-01
   1.9580000e+03   1.0000000e+00   1.1660279e-01
   1.9580000e+03   2.0000000e+00   1.4663043e-01
   1.9580000e+03   3.0000000e+00  -1.1516998e+00
   1.9580000e+03   4.0000000e+00  -7.1935478e-01
   1.9580000e+03   5.0000000e+00  -8.5098363e-01
   1.9580000e+03   6.0000000e+00  -7.2342443e-01
   1.9580000e+03   7.0000000e+00  -8.6964646e-01
   1.9580000e+03   8.0000000e+00  -6.2881640e-01
   1.9580000e+03   9.0000000e+00  -2.0443409e-01
   1.9580000e+03   1.0000000e+01  -5.0880797e-01
   1.9580000e+03   1.1000000e+01  -7.7451839e-01
   1.9580000e+03   1.2000000e+01  -4.0523129e-01
   1.9590000e+03   1.0000000e+00   1.2278854e-01
   1.9590000e+03   2.0000000e+00  -5.9064476e-01
   1.9590000e+03   3.0000000e+00  -3.9206877e-01
   1.9590000e+03   4.0000000e+00  -4.5130383e-01
   1.9590000e+03   5.0000000e+00  -4.3784908e-01
   1.9590000e+03   6.0000000e+00  -3.7320207e-01
   1.9590000e+03   7.0000000e+00  -3.9649446e-01
   1.9590000e+03   8.0000000e+00  -5.0436494e-01
   1.9590000e+03   9.0000000e+00   7.2659201e-02
   1.9590000e+03   1.0000000e+01   1.3413238e-01
   1.9590000e+03   1.1000000e+01  -4.7969090e-02
   1.9590000e+03   1.2000000e+01   4.2278478e-01
   1.9600000e+03   1.0000000e+00   1.0163805e+00
   1.9600000e+03   2.0000000e+00   8.1857807e-01
   1.9600000e+03   3.0000000e+00   8.6326859e-01
   1.9600000e+03   4.0000000e+00   7.9348216e-01
   1.9600000e+03   5.0000000e+00   9.1892054e-01
   1.9600000e+03   6.0000000e+00   3.1314454e-01
   1.9600000e+03   7.0000000e+00   7.0915221e-01
   1.9600000e+03   8.0000000e+00   4.3794466e-01
   1.9600000e+03   9.0000000e+00   5.2397594e-01
   1.9600000e+03   1.0000000e+01   4.8853548e-01
   1.9600000e+03   1.1000000e+01   9.5336825e-01
   1.9600000e+03   1.2000000e+01   1.1361285e+00
   1.9610000e+03   1.0000000e+00   1.1032184e+00
   1.9610000e+03   2.0000000e+00   1.3593808e+00
   1.9610000e+03   3.0000000e+00   1.7493986e+00
   1.9610000e+03   4.0000000e+00   9.5715692e-01
   1.9610000e+03   5.0000000e+00   1.4002097e+00
   1.9610000e+03   6.0000000e+00   1.2018429e+00
   1.9610000e+03   7.0000000e+00   1.0626986e+00
   1.9610000e+03   8.0000000e+00   1.0746483e+00
   1.9610000e+03   9.0000000e+00   7.7296683e-01
   1.9610000e+03   1.0000000e+01   3.4873726e-01
   1.9610000e+03   1.1000000e+01   2.2058507e-01
   1.9610000e+03   1.2000000e+01   3.9737078e-01
   1.9620000e+03   1.0000000e+00   1.7476225e-01
   1.9620000e+03   2.0000000e+00  -1.4977739e-01
   1.9620000e+03   3.0000000e+00  -6.0767641e-01
   1.9620000e+03   4.0000000e+00  -4.7141795e-01
   1.9620000e+03   5.0000000e+00  -7.3901362e-01
   1.9620000e+03   6.0000000e+00  -3.0441143e-01
   1.9620000e+03   7.0000000e+00  -6.2123467e-02
   1.9620000e+03   8.0000000e+00  -3.7063506e-01
   1.9620000e+03   9.0000000e+00   3.3421582e-01
   1.9620000e+03   1.0000000e+01   1.6424001e-01
   1.9620000e+03   1.1000000e+01   4.4560527e-01
   1.9620000e+03   1.2000000e+01   4.6514247e-01
   1.9630000e+03   1.0000000e+00  -8.1285016e-01
   1.9630000e+03   2.0000000e+00  -2.7996258e-01
   1.9630000e+03   3.0000000e+00  -1.0965502e+00
   1.9630000e+03   4.0000000e+00  -8.1056845e-01
   1.9630000e+03   5.0000000e+00  -4.2822716e-01
   1.9630000e+03   6.0000000e+00  -7.1623806e-01
   1.9630000e+03   7.0000000e+00  -3.6669314e-01
   1.9630000e+03   8.0000000e+00  -1.3460540e-01
   1.9630000e+03   9.0000000e+00   1.1978808e-01
   1.9630000e+03   1.0000000e+01   5.0714133e-01
   1.9630000e+03   1.1000000e+01   6.6107473e-01
   1.9630000e+03   1.2000000e+01   5.4103299e-01
   1.9640000e+03   1.0000000e+00   1.0728952e+00
   1.9640000e+03   2.0000000e+00   2.9248032e-01
   1.9640000e+03   3.0000000e+00   3.5166979e-01
   1.9640000e+03   4.0000000e+00   2.5015275e-01
   1.9640000e+03   5.0000000e+00   2.7190132e-01
   1.9640000e+03   6.0000000e+00   8.8409534e-01
   1.9640000e+03   7.0000000e+00   1.6039742e+00
   1.9640000e+03   8.0000000e+00   7.8188421e-01
   1.9640000e+03   9.0000000e+00   9.1256373e-01
   1.9640000e+03   1.0000000e+01   7.1267229e-01
   1.9640000e+03   1.1000000e+01   7.4383372e-02
   1.9640000e+03   1.2000000e+01  -6.7944342e-01
   1.9650000e+03   1.0000000e+00  -6.0927069e-01
   1.9650000e+03   2.0000000e+00  -8.3754970e-01
   1.9650000e+03   3.0000000e+00  -9.4257170e-01
   1.9650000e+03   4.0000000e+00  -8.7943354e-01
   1.9650000e+03   5.0000000e+00  -1.1591951e+00
   1.9650000e+03   6.0000000e+00  -8.3030121e-01
   1.9650000e+03   7.0000000e+00  -6.9218264e-01
   1.9650000e+03   8.0000000e+00  -4.4396173e-01
   1.9650000e+03   9.0000000e+00  -8.5712342e-01
   1.9650000e+03   1.0000000e+01  -6.8304581e-01
   1.9650000e+03   1.1000000e+01  -9.1841417e-01
   1.9650000e+03   1.2000000e+01  -1.1935027e+00
   1.9660000e+03   1.0000000e+00  -3.2304436e-01
   1.9660000e+03   2.0000000e+00  -1.1144480e+00
   1.9660000e+03   3.0000000e+00  -5.9910173e-01
   1.9660000e+03   4.0000000e+00  -1.3692633e+00
   1.9660000e+03   5.0000000e+00  -1.6787180e+00
   1.9660000e+03   6.0000000e+00  -1.2637274e+00
   1.9660000e+03   7.0000000e+00  -1.1138805e+00
   1.9660000e+03   8.0000000e+00  -9.7791948e-01
   1.9660000e+03   9.0000000e+00  -7.5325036e-01
   1.9660000e+03   1.0000000e+01  -7.9952865e-01
   1.9660000e+03   1.1000000e+01  -9.3839698e-01
   1.9660000e+03   1.2000000e+01  -5.4499555e-01
   1.9670000e+03   1.0000000e+00  -7.3605125e-01
   1.9670000e+03   2.0000000e+00  -6.1006085e-01
   1.9670000e+03   3.0000000e+00  -1.1191961e+00
   1.9670000e+03   4.0000000e+00  -8.9138072e-01
   1.9670000e+03   5.0000000e+00  -9.9509831e-01
   1.9670000e+03   6.0000000e+00  -1.2524850e+00
   1.9670000e+03   7.0000000e+00  -1.1731513e+00
   1.9670000e+03   8.0000000e+00  -7.5379956e-01
   1.9670000e+03   9.0000000e+00  -5.1677917e-02
   1.9670000e+03   1.0000000e+01   7.1177736e-03
   1.9670000e+03   1.1000000e+01  -5.8751481e-01
   1.9670000e+03   1.2000000e+01  -2.3339957e-01
   1.9680000e+03   1.0000000e+00  -7.6610972e-01
   1.9680000e+03   2.0000000e+00  -6.2585950e-01
   1.9680000e+03   3.0000000e+00  -6.3205407e-01
   1.9680000e+03   4.0000000e+00  -1.1582636e+00
   1.9680000e+03   5.0000000e+00  -1.2594507e+00
   1.9680000e+03   6.0000000e+00  -1.0381912e+00
   1.9680000e+03   7.0000000e+00  -1.0214287e+00
   1.9680000e+03   8.0000000e+00  -9.5952812e-01
   1.9680000e+03   9.0000000e+00  -9.1457811e-01
   1.9680000e+03   1.0000000e+01  -7.3758116e-01
   1.9680000e+03   1.1000000e+01  -2.2530564e-01
   1.9680000e+03   1.2000000e+01  -8.6887064e-01
   1.9690000e+03   1.0000000e+00  -2.5593478e+00
   1.9690000e+03   2.0000000e+00  -7.3699280e-01
   1.9690000e+03   3.0000000e+00  -7.3346260e-01
   1.9690000e+03   4.0000000e+00  -1.8324650e-01
   1.9690000e+03   5.0000000e+00  -9.0880893e-02
   1.9690000e+03   6.0000000e+00  -7.7551688e-01
   1.9690000e+03   7.0000000e+00  -7.3089032e-01
   1.9690000e+03   8.0000000e+00  -2.3232563e-01
   1.9690000e+03   9.0000000e+00   1.5210575e-02
   1.9690000e+03   1.0000000e+01   2.8993968e-01
   1.9690000e+03   1.1000000e+01  -4.1270240e-02
   1.9690000e+03   1.2000000e+01   1.1272413e+00
   1.9700000e+03   1.0000000e+00  -1.9163922e-01
   1.9700000e+03   2.0000000e+00  -3.2133677e-01
   1.9700000e+03   3.0000000e+00  -4.1263578e-01
   1.9700000e+03   4.0000000e+00  -2.2177049e-01
   1.9700000e+03   5.0000000e+00   4.8417772e-01
   1.9700000e+03   6.0000000e+00   3.7084586e-01
   1.9700000e+03   7.0000000e+00   2.7240294e-01
   1.9700000e+03   8.0000000e+00   4.1332336e-01
   1.9700000e+03   9.0000000e+00   3.9857819e-01
   1.9700000e+03   1.0000000e+01   2.2630739e-01
   1.9700000e+03   1.1000000e+01  -2.1421458e-01
   1.9700000e+03   1.2000000e+01  -7.1520774e-02
   1.9710000e+03   1.0000000e+00  -2.0162668e-01
   1.9710000e+03   2.0000000e+00   5.9600681e-02
   1.9710000e+03   3.0000000e+00   4.5392927e-01
   1.9710000e+03   4.0000000e+00   8.5376876e-01
   1.9710000e+03   5.0000000e+00   4.9495693e-01
   1.9710000e+03   6.0000000e+00   4.1262019e-01
   1.9710000e+03   7.0000000e+00   7.9092532e-01
   1.9710000e+03   8.0000000e+00   7.0605099e-01
   1.9710000e+03   9.0000000e+00   5.2842538e-01
   1.9710000e+03   1.0000000e+01   3.3064840e-01
   1.9710000e+03   1.1000000e+01   1.8247128e-01
   1.9710000e+03   1.2000000e+01  -2.7959273e-02
   1.9720000e+03   1.0000000e+00  -5.3051330e-01
   1.9720000e+03   2.0000000e+00  -4.0844138e-01
   1.9720000e+03   3.0000000e+00  -6.9411044e-01
   1.9720000e+03   4.0000000e+00  -6.8113067e-01
   1.9720000e+03   5.0000000e+00  -7.4738833e-01
   1.9720000e+03   6.0000000e+00  -7.6099870e-01
   1.9720000e+03   7.0000000e+00  -3.2239863e-01
   1.9720000e+03   8.0000000e+00  -4.2736154e-01
   1.9720000e+03   9.0000000e+00  -9.2539715e-01
   1.9720000e+03   1.0000000e+01  -1.0954562e+00
   1.9720000e+03   1.1000000e+01  -5.5620606e-01
   1.9720000e+03   1.2000000e+01  -7.6224231e-01
   1.9730000e+03   1.0000000e+00  -4.8363215e-02
   1.9730000e+03   2.0000000e+00  -5.0339577e-01
   1.9730000e+03   3.0000000e+00  -7.2347531e-02
   1.9730000e+03   4.0000000e+00  -5.0589071e-02
   1.9730000e+03   5.0000000e+00   2.5466121e-01
   1.9730000e+03   6.0000000e+00   5.1442802e-01
   1.9730000e+03   7.0000000e+00   3.2357245e-01
   1.9730000e+03   8.0000000e+00   1.6718172e-01
   1.9730000e+03   9.0000000e+00   3.5729960e-01
   1.9730000e+03   1.0000000e+01   3.5027916e-01
   1.9730000e+03   1.1000000e+01  -1.1299269e-01
   1.9730000e+03   1.2000000e+01   3.3929289e-01
   1.9740000e+03   1.0000000e+00  -1.0033867e+00
   1.9740000e+03   2.0000000e+00  -3.8642797e-01
   1.9740000e+03   3.0000000e+00  -2.6205274e-02
   1.9740000e+03   4.0000000e+00   1.4818799e-02
   1.9740000e+03   5.0000000e+00  -1.6634801e-01
   1.9740000e+03   6.0000000e+00   2.1918141e-01
   1.9740000e+03   7.0000000e+00   3.7670197e-01
   1.9740000e+03   8.0000000e+00   2.6162988e-01
   1.9740000e+03   9.0000000e+00  -1.6775789e-01
   1.9740000e+03   1.0000000e+01   7.4986156e-03
   1.9740000e+03   1.1000000e+01   4.2705220e-02
   1.9740000e+03   1.2000000e+01   7.1586735e-01
   1.9750000e+03   1.0000000e+00   6.3875186e-01
   1.9750000e+03   2.0000000e+00   9.8490837e-01
   1.9750000e+03   3.0000000e+00   7.1584610e-01
   1.9750000e+03   4.0000000e+00   6.4921899e-01
   1.9750000e+03   5.0000000e+00   7.1586507e-01
   1.9750000e+03   6.0000000e+00   4.5778814e-01
   1.9750000e+03   7.0000000e+00   5.1100819e-01
   1.9750000e+03   8.0000000e+00   1.0259992e+00
   1.9750000e+03   9.0000000e+00   5.7322177e-01
   1.9750000e+03   1.0000000e+01   9.5649585e-01
   1.9750000e+03   1.1000000e+01   1.2738570e+00
   1.9750000e+03   1.2000000e+01   1.0790459e+00
   1.9760000e+03   1.0000000e+00   1.0782443e+00
   1.9760000e+03   2.0000000e+00   1.1829994e+00
   1.9760000e+03   3.0000000e+00   1.6799048e+00
   1.9760000e+03   4.0000000e+00   2.4363156e+00
   1.9760000e+03   5.0000000e+00   2.1807639e+00
   1.9760000e+03   6.0000000e+00   2.0671275e+00
   1.9760000e+03   7.0000000e+00   2.2670345e+00
   1.9760000e+03   8.0000000e+00   2.4363637e+00
   1.9760000e+03   9.0000000e+00   2.4321414e+00
   1.9760000e+03   1.0000000e+01   1.6933671e+00
   1.9760000e+03   1.1000000e+01   1.5746724e+00
   1.9760000e+03   1.2000000e+01   1.3296016e+00
   1.9770000e+03   1.0000000e+00   1.3217052e+00
   1.9770000e+03   2.0000000e+00   1.9341241e+00
   1.9770000e+03   3.0000000e+00   1.6994810e+00
   1.9770000e+03   4.0000000e+00   1.3964540e+00
   1.9770000e+03   5.0000000e+00   1.0719304e+00
   1.9770000e+03   6.0000000e+00   9.2382978e-01
   1.9770000e+03   7.0000000e+00   1.0368123e+00
   1.9770000e+03   8.0000000e+00   1.2847436e+00
   1.9770000e+03   9.0000000e+00   7.6644075e-01
   1.9770000e+03   1.0000000e+01   1.2530538e+00
   1.9770000e+03   1.1000000e+01   1.4486669e+00
   1.9770000e+03   1.2000000e+01   8.5400226e-01
   1.9780000e+03   1.0000000e+00   1.2148573e+00
   1.9780000e+03   2.0000000e+00   1.2447465e+00
   1.9780000e+03   3.0000000e+00   6.1619694e-01
   1.9780000e+03   4.0000000e+00   4.5326294e-01
   1.9780000e+03   5.0000000e+00   5.8676990e-01
   1.9780000e+03   6.0000000e+00   3.8409043e-01
   1.9780000e+03   7.0000000e+00   4.2586012e-01
   1.9780000e+03   8.0000000e+00   8.6398498e-01
   1.9780000e+03   9.0000000e+00   1.2864755e+00
   1.9780000e+03   1.0000000e+01   3.5159373e-01
   1.9780000e+03   1.1000000e+01  -2.5888401e-01
   1.9780000e+03   1.2000000e+01  -1.1153547e+00
   1.9790000e+03   1.0000000e+00  -5.1478626e-01
   1.9790000e+03   2.0000000e+00  -2.3329146e-01
   1.9790000e+03   3.0000000e+00  -6.2883688e-01
   1.9790000e+03   4.0000000e+00  -1.0343610e+00
   1.9790000e+03   5.0000000e+00  -7.8180605e-01
   1.9790000e+03   6.0000000e+00  -8.2272109e-01
   1.9790000e+03   7.0000000e+00  -1.1482481e+00
   1.9790000e+03   8.0000000e+00  -1.2509887e+00
   1.9790000e+03   9.0000000e+00  -7.8481409e-01
   1.9790000e+03   1.0000000e+01  -6.1290270e-01
   1.9790000e+03   1.1000000e+01  -4.9207198e-01
   1.9790000e+03   1.2000000e+01  -5.4143459e-01
   1.9800000e+03   1.0000000e+00  -1.9028722e+00
   1.9800000e+03   2.0000000e+00  -1.7223209e+00
   1.9800000e+03   3.0000000e+00  -1.1510684e+00
   1.9800000e+03   4.0000000e+00  -6.5782108e-02
   1.9800000e+03   5.0000000e+00  -2.1080144e-01
   1.9800000e+03   6.0000000e+00  -6.8274075e-01
   1.9800000e+03   7.0000000e+00  -9.9043210e-01
   1.9800000e+03   8.0000000e+00  -1.0831368e+00
   1.9800000e+03   9.0000000e+00  -6.9690748e-01
   1.9800000e+03   1.0000000e+01  -6.6023382e-02
   1.9800000e+03   1.1000000e+01  -1.3450486e-01
   1.9800000e+03   1.2000000e+01  -2.8269689e-01
   1.9810000e+03   1.0000000e+00  -2.6440728e-01
   1.9810000e+03   2.0000000e+00  -1.0577437e+00
   1.9810000e+03   3.0000000e+00  -6.9053925e-01
   1.9810000e+03   4.0000000e+00  -6.2670428e-01
   1.9810000e+03   5.0000000e+00   1.9965579e-01
   1.9810000e+03   6.0000000e+00   8.8193234e-03
   1.9810000e+03   7.0000000e+00  -5.2605658e-01
   1.9810000e+03   8.0000000e+00  -6.9772961e-01
   1.9810000e+03   9.0000000e+00   2.9768997e-03
   1.9810000e+03   1.0000000e+01  -2.8779399e-01
   1.9810000e+03   1.1000000e+01   7.5622012e-01
   1.9810000e+03   1.2000000e+01   5.2121581e-01
   1.9820000e+03   1.0000000e+00  -1.9996038e-01
   1.9820000e+03   2.0000000e+00  -8.7346295e-01
   1.9820000e+03   3.0000000e+00  -6.2067405e-01
   1.9820000e+03   4.0000000e+00  -1.0710987e+00
   1.9820000e+03   5.0000000e+00  -9.9310639e-01
   1.9820000e+03   6.0000000e+00  -8.4760340e-01
   1.9820000e+03   7.0000000e+00  -6.1058107e-01
   1.9820000e+03   8.0000000e+00  -4.5697363e-01
   1.9820000e+03   9.0000000e+00  -4.5956735e-01
   1.9820000e+03   1.0000000e+01  -1.0067379e+00
   1.9820000e+03   1.1000000e+01  -8.6607015e-01
   1.9820000e+03   1.2000000e+01  -2.3446060e-01
   1.9830000e+03   1.0000000e+00   6.0465531e-01
   1.9830000e+03   2.0000000e+00   4.7395959e-01
   1.9830000e+03   3.0000000e+00   4.3032064e-01
   1.9830000e+03   4.0000000e+00  -7.2051521e-01
   1.9830000e+03   5.0000000e+00  -7.4396599e-01
   1.9830000e+03   6.0000000e+00  -7.6887309e-02
   1.9830000e+03   7.0000000e+00  -4.8637790e-02
   1.9830000e+03   8.0000000e+00  -1.0007802e-02
   1.9830000e+03   9.0000000e+00  -4.0973575e-01
   1.9830000e+03   1.0000000e+01  -4.8714715e-01
   1.9830000e+03   1.1000000e+01   5.6100833e-01
   1.9830000e+03   1.2000000e+01  -6.7782320e-01
   1.9840000e+03   1.0000000e+00  -2.1510063e-01
   1.9840000e+03   2.0000000e+00   4.0077926e-01
   1.9840000e+03   3.0000000e+00   7.1907062e-01
   1.9840000e+03   4.0000000e+00   1.1599523e+00
   1.9840000e+03   5.0000000e+00   9.8165596e-01
   1.9840000e+03   6.0000000e+00   7.3748025e-01
   1.9840000e+03   7.0000000e+00   4.1581850e-01
   1.9840000e+03   8.0000000e+00   3.6820697e-01
   1.9840000e+03   9.0000000e+00   8.2303277e-01
   1.9840000e+03   1.0000000e+01   9.4333701e-01
   1.9840000e+03   1.1000000e+01   8.6247744e-01
   1.9840000e+03   1.2000000e+01   2.5228999e-01
   1.9850000e+03   1.0000000e+00   3.2392518e-01
   1.9850000e+03   2.0000000e+00  -6.4661941e-02
   1.9850000e+03   3.0000000e+00   2.3143699e-01
   1.9850000e+03   4.0000000e+00   3.1925946e-01
   1.9850000e+03   5.0000000e+00   1.5633692e-01
   1.9850000e+03   6.0000000e+00  -4.4718164e-02
   1.9850000e+03   7.0000000e+00   1.7832952e-01
   1.9850000e+03   8.0000000e+00  -2.3258976e-01
   1.9850000e+03   9.0000000e+00  -9.3626777e-01
   1.9850000e+03   1.0000000e+01  -1.1832549e+00
   1.9850000e+03   1.1000000e+01  -1.7939180e+00
   1.9850000e+03   1.2000000e+01  -1.6806901e+00
   1.9860000e+03   1.0000000e+00  -7.6859440e-01
   1.9860000e+03   2.0000000e+00  -1.4491836e+00
   1.9860000e+03   3.0000000e+00  -4.6623733e-01
   1.9860000e+03   4.0000000e+00  -9.6677631e-01
   1.9860000e+03   5.0000000e+00  -4.9841159e-01
   1.9860000e+03   6.0000000e+00  -6.6585381e-01
   1.9860000e+03   7.0000000e+00  -9.4142243e-01
   1.9860000e+03   8.0000000e+00  -1.0182601e+00
   1.9860000e+03   9.0000000e+00  -7.6819800e-01
   1.9860000e+03   1.0000000e+01  -2.9379930e-01
   1.9860000e+03   1.1000000e+01  -5.0124606e-01
   1.9860000e+03   1.2000000e+01  -4.5618453e-01
   1.9870000e+03   1.0000000e+00   6.8659838e-01
   1.9870000e+03   2.0000000e+00   7.6755830e-01
   1.9870000e+03   3.0000000e+00   2.8541378e-01
   1.9870000e+03   4.0000000e+00   4.7076848e-01
   1.9870000e+03   5.0000000e+00   2.7433927e-01
   1.9870000e+03   6.0000000e+00   3.9440557e-01
   1.9870000e+03   7.0000000e+00   4.2619958e-01
   1.9870000e+03   8.0000000e+00   3.3950030e-01
   1.9870000e+03   9.0000000e+00   1.7022806e-01
   1.9870000e+03   1.0000000e+01   1.2124511e-01
   1.9870000e+03   1.1000000e+01   5.2151727e-01
   1.9870000e+03   1.2000000e+01   6.9232265e-01
   1.9880000e+03   1.0000000e+00   1.1051850e+00
   1.9880000e+03   2.0000000e+00   7.9684971e-01
   1.9880000e+03   3.0000000e+00   9.6814878e-01
   1.9880000e+03   4.0000000e+00   1.5734973e+00
   1.9880000e+03   5.0000000e+00   1.7784138e+00
   1.9880000e+03   6.0000000e+00   1.7426903e+00
   1.9880000e+03   7.0000000e+00   1.7248738e+00
   1.9880000e+03   8.0000000e+00   1.3928516e+00
   1.9880000e+03   9.0000000e+00   1.3162400e+00
   1.9880000e+03   1.0000000e+01   1.4868884e+00
   1.9880000e+03   1.1000000e+01   1.2427056e+00
   1.9880000e+03   1.2000000e+01   7.5529687e-01
   1.9890000e+03   1.0000000e+00   1.3125811e+00
   1.9890000e+03   2.0000000e+00   6.6174412e-01
   1.9890000e+03   3.0000000e+00   9.2933697e-01
   1.9890000e+03   4.0000000e+00   7.8376127e-01
   1.9890000e+03   5.0000000e+00   5.8351058e-01
   1.9890000e+03   6.0000000e+00   5.2210620e-01
   1.9890000e+03   7.0000000e+00   1.2640097e+00
   1.9890000e+03   8.0000000e+00   6.6697628e-01
   1.9890000e+03   9.0000000e+00   6.5426137e-01
   1.9890000e+03   1.0000000e+01   4.4178705e-01
   1.9890000e+03   1.1000000e+01  -3.0061121e-01
   1.9890000e+03   1.2000000e+01  -1.7257603e-01
   1.9900000e+03   1.0000000e+00   2.6877340e-01
   1.9900000e+03   2.0000000e+00  -2.8017566e-01
   1.9900000e+03   3.0000000e+00   6.5271548e-01
   1.9900000e+03   4.0000000e+00   2.4156556e-01
   1.9900000e+03   5.0000000e+00  -9.6055435e-02
   1.9900000e+03   6.0000000e+00  -6.5433778e-02
   1.9900000e+03   7.0000000e+00  -2.5829866e-01
   1.9900000e+03   8.0000000e+00  -3.3040579e-01
   1.9900000e+03   9.0000000e+00  -1.5925639e-01
   1.9900000e+03   1.0000000e+01  -1.2022116e-01
   1.9900000e+03   1.1000000e+01  -7.3895202e-01
   1.9900000e+03   1.2000000e+01  -1.5328090e+00
   1.9910000e+03   1.0000000e+00  -7.4421842e-01
   1.9910000e+03   2.0000000e+00  -3.0453129e-01
   1.9910000e+03   3.0000000e+00  -8.0698494e-01
   1.9910000e+03   4.0000000e+00  -2.0643753e-01
   1.9910000e+03   5.0000000e+00  -5.9529254e-02
   1.9910000e+03   6.0000000e+00  -3.8776968e-01
   1.9910000e+03   7.0000000e+00  -4.7949230e-01
   1.9910000e+03   8.0000000e+00  -5.7405316e-01
   1.9910000e+03   9.0000000e+00  -9.4857557e-01
   1.9910000e+03   1.0000000e+01  -1.0900901e+00
   1.9910000e+03   1.1000000e+01  -1.7231725e-01
   1.9910000e+03   1.2000000e+01  -2.1297704e-01
   1.9920000e+03   1.0000000e+00   4.9307736e-01
   1.9920000e+03   2.0000000e+00  -4.5653143e-01
   1.9920000e+03   3.0000000e+00  -8.2080177e-01
   1.9920000e+03   4.0000000e+00  -1.4336134e+00
   1.9920000e+03   5.0000000e+00  -1.7956172e+00
   1.9920000e+03   6.0000000e+00  -1.3506516e+00
   1.9920000e+03   7.0000000e+00  -1.4624325e+00
   1.9920000e+03   8.0000000e+00  -1.2474734e+00
   1.9920000e+03   9.0000000e+00  -9.4662956e-01
   1.9920000e+03   1.0000000e+01  -9.6898904e-01
   1.9920000e+03   1.1000000e+01  -1.2806748e+00
   1.9920000e+03   1.2000000e+01  -1.8686891e+00
   1.9930000e+03   1.0000000e+00  -2.8169835e+00
   1.9930000e+03   2.0000000e+00  -2.1408178e+00
   1.9930000e+03   3.0000000e+00  -1.7419109e+00
   1.9930000e+03   4.0000000e+00  -7.5883626e-01
   1.9930000e+03   5.0000000e+00  -1.0894275e+00
   1.9930000e+03   6.0000000e+00  -1.6821039e+00
   1.9930000e+03   7.0000000e+00  -1.6785552e+00
   1.9930000e+03   8.0000000e+00  -1.5143229e+00
   1.9930000e+03   9.0000000e+00  -2.0474347e+00
   1.9930000e+03   1.0000000e+01  -2.3542966e+00
   1.9930000e+03   1.1000000e+01  -2.9986692e+00
   1.9930000e+03   1.2000000e+01  -2.0005526e+00
   1.9940000e+03   1.0000000e+00  -1.8540143e+00
   1.9940000e+03   2.0000000e+00  -1.9786652e+00
   1.9940000e+03   3.0000000e+00  -1.8557886e+00
   1.9940000e+03   4.0000000e+00  -1.4470739e+00
   1.9940000e+03   5.0000000e+00  -3.0135894e-01
   1.9940000e+03   6.0000000e+00  -6.1160343e-01
   1.9940000e+03   7.0000000e+00  -7.1112965e-01
   1.9940000e+03   8.0000000e+00  -8.5876787e-01
   1.9940000e+03   9.0000000e+00  -1.1048639e+00
   1.9940000e+03   1.0000000e+01  -1.1107256e+00
   1.9940000e+03   1.1000000e+01  -1.6884391e+00
   1.9940000e+03   1.2000000e+01  -1.0167549e+00
   1.9950000e+03   1.0000000e+00  -4.9903343e-01
   1.9950000e+03   2.0000000e+00  -1.5608722e+00
   1.9950000e+03   3.0000000e+00  -2.0546501e+00
   1.9950000e+03   4.0000000e+00  -1.8249588e+00
   1.9950000e+03   5.0000000e+00  -1.5042438e+00
   1.9950000e+03   6.0000000e+00  -1.0479894e+00
   1.9950000e+03   7.0000000e+00  -1.4994407e+00
   1.9950000e+03   8.0000000e+00  -1.0060149e+00
   1.9950000e+03   9.0000000e+00  -8.9392105e-01
   1.9950000e+03   1.0000000e+01  -5.1771379e-01
   1.9950000e+03   1.1000000e+01  -2.7742630e-01
   1.9950000e+03   1.2000000e+01   2.1576192e-01
   1.9960000e+03   1.0000000e+00  -6.3897712e-01
   1.9960000e+03   2.0000000e+00  -1.0529048e+00
   1.9960000e+03   3.0000000e+00  -1.1487637e+00
   1.9960000e+03   4.0000000e+00  -4.3611656e-01
   1.9960000e+03   5.0000000e+00  -1.2747659e+00
   1.9960000e+03   6.0000000e+00  -1.0600342e+00
   1.9960000e+03   7.0000000e+00  -8.8413569e-01
   1.9960000e+03   8.0000000e+00  -7.4825013e-01
   1.9960000e+03   9.0000000e+00  -9.3392844e-01
   1.9960000e+03   1.0000000e+01  -1.0410775e+00
   1.9960000e+03   1.1000000e+01  -1.1001672e+00
   1.9960000e+03   1.2000000e+01  -1.3549181e+00
   1.9970000e+03   1.0000000e+00  -1.6402249e+00
   1.9970000e+03   2.0000000e+00  -1.1130951e+00
   1.9970000e+03   3.0000000e+00  -6.1802828e-01
   1.9970000e+03   4.0000000e+00  -5.0613820e-01
   1.9970000e+03   5.0000000e+00  -8.7719416e-01
   1.9970000e+03   6.0000000e+00  -9.3839334e-01
   1.9970000e+03   7.0000000e+00  -7.7236159e-01
   1.9970000e+03   8.0000000e+00  -7.8582720e-01
   1.9970000e+03   9.0000000e+00  -4.8147621e-01
   1.9970000e+03   1.0000000e+01  -5.9425899e-01
   1.9970000e+03   1.1000000e+01   1.7402893e-01
   1.9970000e+03   1.2000000e+01   2.6068165e-01
   1.9980000e+03   1.0000000e+00   5.2791423e-01
   1.9980000e+03   2.0000000e+00   1.9000587e+00
   1.9980000e+03   3.0000000e+00   8.9331784e-01
   1.9980000e+03   4.0000000e+00   5.2151313e-01
   1.9980000e+03   5.0000000e+00   2.7758158e-01
   1.9980000e+03   6.0000000e+00   1.1902247e-01
   1.9980000e+03   7.0000000e+00   3.9316174e-01
   1.9980000e+03   8.0000000e+00   2.7265688e-01
   1.9980000e+03   9.0000000e+00   4.4480388e-02
   1.9980000e+03   1.0000000e+01   9.8751134e-02
   1.9980000e+03   1.1000000e+01   7.1735091e-01
   1.9980000e+03   1.2000000e+01   7.6883039e-01
   1.9990000e+03   1.0000000e+00   1.0828257e+00
   1.9990000e+03   2.0000000e+00   2.3041594e+00
   1.9990000e+03   3.0000000e+00   1.9742975e+00
   1.9990000e+03   4.0000000e+00   1.6464381e+00
   1.9990000e+03   5.0000000e+00   1.6045933e+00
   1.9990000e+03   6.0000000e+00   1.9053233e+00
   1.9990000e+03   7.0000000e+00   1.3811213e+00
   1.9990000e+03   8.0000000e+00   1.4334654e+00
   1.9990000e+03   9.0000000e+00   1.3049656e+00
   1.9990000e+03   1.0000000e+01   1.1788208e+00
   1.9990000e+03   1.1000000e+01   1.3205504e+00
   1.9990000e+03   1.2000000e+01   1.0528054e+00
   2.0000000e+03   1.0000000e+00   1.4045384e+00
   2.0000000e+03   2.0000000e+00   2.1235311e+00
   2.0000000e+03   3.0000000e+00   2.1492677e+00
   2.0000000e+03   4.0000000e+00   2.3652705e+00
   2.0000000e+03   5.0000000e+00   2.2202920e+00
   2.0000000e+03   6.0000000e+00   2.1020662e+00
   2.0000000e+03   7.0000000e+00   1.6557850e+00
   2.0000000e+03   8.0000000e+00   1.3516272e+00
   2.0000000e+03   9.0000000e+00   1.3801795e+00
   2.0000000e+03   1.0000000e+01   1.6981881e+00
   2.0000000e+03   1.1000000e+01   2.0145948e+00
   2.0000000e+03   1.2000000e+01   2.1649950e+00
   2.0010000e+03   1.0000000e+00   2.8619328e+00
   2.0010000e+03   2.0000000e+00   2.9560468e+00
   2.0010000e+03   3.0000000e+00   2.3887750e+00
   2.0010000e+03   4.0000000e+00   2.2039413e+00
   2.0010000e+03   5.0000000e+00   1.9538953e+00
   2.0010000e+03   6.0000000e+00   2.3493030e+00
   2.0010000e+03   7.0000000e+00   1.5004872e+00
   2.0010000e+03   8.0000000e+00   1.9150242e+00
   2.0010000e+03   9.0000000e+00   1.8929954e+00
   2.0010000e+03   1.0000000e+01   1.1619115e+00
   2.0010000e+03   1.1000000e+01   1.7645249e+00
   2.0010000e+03   1.2000000e+01   2.0194831e+00
   2.0020000e+03   1.0000000e+00   1.8641573e+00
   2.0020000e+03   2.0000000e+00   2.1773568e+00
   2.0020000e+03   3.0000000e+00   1.8982763e+00
   2.0020000e+03   4.0000000e+00   8.9742216e-01
   2.0020000e+03   5.0000000e+00   1.1025730e+00
   2.0020000e+03   6.0000000e+00   1.6053913e+00
   2.0020000e+03   7.0000000e+00   1.3822965e+00
   2.0020000e+03   8.0000000e+00   8.1184355e-01
   2.0020000e+03   9.0000000e+00   8.2441109e-01
   2.0020000e+03   1.0000000e+01   8.2363712e-01
   2.0020000e+03   1.1000000e+01   1.6592152e+00
   2.0020000e+03   1.2000000e+01   2.6365472e+00
   2.0030000e+03   1.0000000e+00   1.9691832e+00
   2.0030000e+03   2.0000000e+00   9.9256558e-01
   2.0030000e+03   3.0000000e+00   1.4907114e+00
   2.0030000e+03   4.0000000e+00   1.1017217e+00
   2.0030000e+03   5.0000000e+00   9.1925880e-01
   2.0030000e+03   6.0000000e+00   7.7769152e-01
   2.0030000e+03   7.0000000e+00   1.2024408e+00
   2.0030000e+03   8.0000000e+00   7.8228794e-01
   2.0030000e+03   9.0000000e+00   8.6922530e-01
   2.0030000e+03   1.0000000e+01   1.2869910e+00
   2.0030000e+03   1.1000000e+01  -1.1436786e-01
   2.0030000e+03   1.2000000e+01   2.2437689e-01
   2.0040000e+03   1.0000000e+00   2.6501486e-01
   2.0040000e+03   2.0000000e+00   6.6722957e-01
   2.0040000e+03   3.0000000e+00   3.8293237e-01
   2.0040000e+03   4.0000000e+00   1.2524921e-01
   2.0040000e+03   5.0000000e+00   2.0735337e-01
   2.0040000e+03   6.0000000e+00   7.7647507e-01
   2.0040000e+03   7.0000000e+00   4.1156805e-01
   2.0040000e+03   8.0000000e+00   6.8538324e-01
   2.0040000e+03   9.0000000e+00   3.7640228e-01
   2.0040000e+03   1.0000000e+01   4.2904182e-02
   2.0040000e+03   1.1000000e+01  -4.4177726e-01
   2.0040000e+03   1.2000000e+01  -9.8521195e-01
   2.0050000e+03   1.0000000e+00  -1.6584469e+00
   2.0050000e+03   2.0000000e+00  -1.4948285e+00
   2.0050000e+03   3.0000000e+00  -1.4866339e+00
   2.0050000e+03   4.0000000e+00  -1.6857432e+00
   2.0050000e+03   5.0000000e+00  -7.8970055e-01
   2.0050000e+03   6.0000000e+00  -1.2838630e+00
   2.0050000e+03   7.0000000e+00  -1.6635327e+00
   2.0050000e+03   8.0000000e+00  -1.1302617e+00
   2.0050000e+03   9.0000000e+00  -1.5725919e+00
   2.0050000e+03   1.0000000e+01  -8.8917392e-01
   2.0050000e+03   1.1000000e+01  -1.6606791e+00
   2.0050000e+03   1.2000000e+01  -1.2525949e+00
   2.0060000e+03   1.0000000e+00  -6.4605075e-01
   2.0060000e+03   2.0000000e+00  -1.0693960e+00
   2.0060000e+03   3.0000000e+00  -7.0987500e-01
   2.0060000e+03   4.0000000e+00  -5.6597091e-01
   2.0060000e+03   5.0000000e+00  -1.2199007e-01
   2.0060000e+03   6.0000000e+00  -1.2755099e-01
   2.0060000e+03   7.0000000e+00  -4.9911924e-01
   2.0060000e+03   8.0000000e+00  -3.6670440e-01
   2.0060000e+03   9.0000000e+00  -3.3958399e-01
   2.0060000e+03   1.0000000e+01  -1.0491305e+00
   2.0060000e+03   1.1000000e+01  -9.9588303e-01
   2.0060000e+03   1.2000000e+01  -1.5555198e-01
   2.0070000e+03   1.0000000e+00  -4.1220388e-01
   2.0070000e+03   2.0000000e+00  -1.3696381e-01
   2.0070000e+03   3.0000000e+00  -5.4927068e-01
   2.0070000e+03   4.0000000e+00   2.6058283e-01
   2.0070000e+03   5.0000000e+00   6.9161047e-01
   2.0070000e+03   6.0000000e+00   1.2322934e+00
   2.0070000e+03   7.0000000e+00   1.2292387e+00
   2.0070000e+03   8.0000000e+00   1.4400001e+00
   2.0070000e+03   9.0000000e+00   9.0909164e-01
   2.0070000e+03   1.0000000e+01   1.2687519e+00
   2.0070000e+03   1.1000000e+01   7.2847710e-01
   2.0070000e+03   1.2000000e+01   4.5764742e-01
   2.0080000e+03   1.0000000e+00   5.5564202e-01
   2.0080000e+03   2.0000000e+00   1.1354900e+00
   2.0080000e+03   3.0000000e+00   1.3743560e+00
   2.0080000e+03   4.0000000e+00   1.3957302e+00
   2.0080000e+03   5.0000000e+00   1.7381951e+00
   2.0080000e+03   6.0000000e+00   1.2784883e+00
   2.0080000e+03   7.0000000e+00   1.4275595e+00
   2.0080000e+03   8.0000000e+00   2.1438408e+00
   2.0080000e+03   9.0000000e+00   2.2271531e+00
   2.0080000e+03   1.0000000e+01   1.7656981e+00
   2.0080000e+03   1.1000000e+01   1.9696433e+00
   2.0080000e+03   1.2000000e+01   4.4891308e-01
   2.0090000e+03   1.0000000e+00   7.2192972e-01
   2.0090000e+03   2.0000000e+00   9.0869142e-01
   2.0090000e+03   3.0000000e+00   3.3081231e-01
   2.0090000e+03   4.0000000e+00   4.1579146e-01
   2.0090000e+03   5.0000000e+00   5.5450470e-01
   2.0090000e+03   6.0000000e+00   3.6995252e-01
   2.0090000e+03   7.0000000e+00   5.6005228e-01
   2.0090000e+03   8.0000000e+00   7.1781415e-01
   2.0090000e+03   9.0000000e+00   9.8438342e-01
   2.0090000e+03   1.0000000e+01   1.1541164e+00
   2.0090000e+03   1.1000000e+01   1.0547765e+00
   2.0090000e+03   1.2000000e+01   1.0631601e+00
   2.0100000e+03   1.0000000e+00   2.0637410e+00
   2.0100000e+03   2.0000000e+00   1.8396144e+00
   2.0100000e+03   3.0000000e+00   1.6539151e+00
   2.0100000e+03   4.0000000e+00   1.1786931e+00
   2.0100000e+03   5.0000000e+00   1.8659506e+00
   2.0100000e+03   6.0000000e+00   1.2382225e+00
   2.0100000e+03   7.0000000e+00   1.1456225e+00
   2.0100000e+03   8.0000000e+00   1.0779834e+00
   2.0100000e+03   9.0000000e+00   1.0037193e+00
   2.0100000e+03   1.0000000e+01   1.6059265e+00
   2.0100000e+03   1.1000000e+01   9.8801299e-01
   2.0100000e+03   1.2000000e+01   7.7960570e-01
   2.0110000e+03   1.0000000e+00   3.2147286e-01
   2.0110000e+03   2.0000000e+00   5.4964447e-01
   2.0110000e+03   3.0000000e+00   1.2026075e+00
   2.0110000e+03   4.0000000e+00   5.9589708e-01
   2.0110000e+03   5.0000000e+00   1.3947288e+00
   2.0110000e+03   6.0000000e+00   1.1130012e+00
   2.0110000e+03   7.0000000e+00   1.0353994e+00
   2.0110000e+03   8.0000000e+00   1.0363022e+00
   2.0110000e+03   9.0000000e+00   1.3280563e+00
   2.0110000e+03   1.0000000e+01   1.2045021e+00
   2.0110000e+03   1.1000000e+01   3.7419284e-01
   2.0110000e+03   1.2000000e+01   1.3161912e-01
   2.0120000e+03   1.0000000e+00   8.3341366e-01
   2.0120000e+03   2.0000000e+00   8.6249982e-01
   2.0120000e+03   3.0000000e+00   1.1165768e+00
   2.0120000e+03   4.0000000e+00   1.9263518e+00
   2.0120000e+03   5.0000000e+00   1.6274183e+00
   2.0120000e+03   6.0000000e+00   1.9383041e+00
   2.0120000e+03   7.0000000e+00   1.8605405e+00
   2.0120000e+03   8.0000000e+00   1.7305235e+00
   2.0120000e+03   9.0000000e+00   1.3583550e+00
   2.0120000e+03   1.0000000e+01   1.8664717e+00
   2.0120000e+03   1.1000000e+01   1.4018017e+00
   2.0120000e+03   1.2000000e+01   1.2002744e+00
   2.0130000e+03   1.0000000e+00   1.2303779e+00
   2.0130000e+03   2.0000000e+00   1.2034413e+00
   2.0130000e+03   3.0000000e+00   6.4209571e-01
   2.0130000e+03   4.0000000e+00   4.7581727e-01
   2.0130000e+03   5.0000000e+00   8.5177534e-01
   2.0130000e+03   6.0000000e+00   7.2593540e-01
   2.0130000e+03   7.0000000e+00   4.5084225e-01
   2.0130000e+03   8.0000000e+00   5.6139236e-01
   2.0130000e+03   9.0000000e+00   3.8978482e-01
   2.0130000e+03   1.0000000e+01  -1.4749751e-01
   2.0130000e+03   1.1000000e+01  -8.0498037e-01
   2.0130000e+03   1.2000000e+01  -1.4524197e+00
   2.0140000e+03   1.0000000e+00  -3.8988105e-01
   2.0140000e+03   2.0000000e+00  -2.6716874e-01
   2.0140000e+03   3.0000000e+00  -4.5402141e-01
   2.0140000e+03   4.0000000e+00  -6.1748982e-01
   2.0140000e+03   5.0000000e+00   2.2773502e-01
   2.0140000e+03   6.0000000e+00  -4.1685922e-01
   2.0140000e+03   7.0000000e+00  -1.3333803e-01
   2.0140000e+03   8.0000000e+00  -5.4505515e-01
   2.0140000e+03   9.0000000e+00  -7.7658279e-01
   2.0140000e+03   1.0000000e+01   3.2798713e-01
   2.0140000e+03   1.1000000e+01  -4.1808394e-02
   2.0140000e+03   1.2000000e+01  -4.4946285e-01
   2.0150000e+03   1.0000000e+00  -1.1113655e+00
   2.0150000e+03   2.0000000e+00  -1.4656927e+00
   2.0150000e+03   3.0000000e+00  -1.7924075e+00
   2.0150000e+03   4.0000000e+00  -1.3717090e+00