1870   -0.60   -0.91   -0.65   -0.69   -0.75   -0.72   -0.74   -0.77   -0.45   -0.72   -0.72   -0.72 
1871   -0.19   -0.18   -0.14   -0.30   -0.60   -0.43   -0.29    0.02    0.05   -0.09   -0.18   -0.31 
1872   -0.43   -0.46   -0.38   -0.69   -0.50   -0.43   -0.11   -0.87   -0.85   -0.97   -0.93   -1.06 
1873   -0.97   -0.98   -1.05   -0.55   -0.34   -0.56   -0.57   -0.65   -0.67   -0.75   -0.74   -0.68 
1874   -0.82   -0.92   -0.95   -0.58   -0.38   -0.54   -0.79   -0.95   -1.05   -1.02   -0.87   -0.78 
1875   -0.40   -0.40   -0.57   -0.79   -1.30   -0.91   -0.91   -0.97   -1.00   -0.76   -0.41   -0.78 
1876   -0.93   -1.01   -0.91   -0.86   -0.83   -0.35   -0.42   -0.37   -0.04    0.34    0.57    0.59 
1877    0.55    0.44    0.52    0.55    0.75    0.77    1.69    1.57    1.84    1.89    2.05    2.15 
1878    2.14    2.20    1.38    1.12    0.97    1.13    0.76    0.37   -0.03   -0.22   -0.14   -0.08 
1879    0.13    0.05    0.03   -0.21   -0.60   -0.69   -0.59   -0.33   -0.44   -0.52   -0.81   -0.48 
1880   -0.49   -0.49   -0.67   -0.63   -0.65   -0.48   -0.31   -0.16    0.13    0.37    0.53    0.40 
1881    0.36    0.33    0.39    0.64    0.57    0.47    0.12    0.02    0.07    0.04    0.00   -0.08 
1882   -0.29   -0.52   -0.37    0.13    0.10   -0.19   -0.44   -0.19   -0.23   -0.24   -0.42   -0.32 
1883   -0.13   -0.30   -0.34   -0.07   -0.18    0.05    0.15   -0.11   -0.07   -0.03    0.12   -0.01 
1884   -0.08   -0.14    0.21    0.50    0.73    0.24    0.57    0.54    0.58    0.69    0.78    0.89 
1885    0.75    0.69    0.63    0.43    0.62    0.50    0.36    0.60    0.80    0.97    1.00    1.14 
1886    0.44    0.34    0.23    0.17   -0.69   -0.85   -0.67   -0.76   -0.76   -0.65   -0.73   -0.83 
1887   -0.67   -0.46   -0.71   -0.74   -0.61   -0.25   -0.40   -0.54   -0.28    0.03    0.32    0.29 
1888    0.42    0.96    0.83    0.88    0.94    1.01    0.96    0.91    1.11    1.76    2.08    1.99 
1889    1.72    1.27    0.98    0.91    0.80    0.12   -0.03   -0.38   -0.47   -0.87   -0.63   -0.79 
1890   -1.56   -1.29   -0.50   -0.51   -0.59   -0.75   -0.65   -0.84   -0.80   -0.82   -0.66   -0.30 
1891   -0.10   -0.04    0.23    0.41    0.39    0.42    0.39    0.14   -0.04    0.09    0.17    0.13 
1892   -0.20   -0.26   -0.37   -0.37   -0.48   -0.33   -0.27   -0.53   -0.98   -1.33   -1.18   -0.86 
1893   -0.78   -0.82   -1.01   -1.00   -1.20   -1.26   -1.53   -1.50   -1.32   -1.31   -1.02   -0.97 
1894   -0.83   -0.85   -0.81   -0.74   -0.80   -0.67   -0.71   -0.76   -1.01   -0.86   -0.73   -0.28 
1895   -0.30   -0.15   -0.05   -0.01   -0.05   -0.07    0.02    0.57    0.50    0.60    0.64    0.63 
1896    0.47    0.29    0.13    0.03    0.05    0.15    0.70    1.15    1.24    1.17    1.39    1.30 
1897    1.34    1.14    0.69    0.37    0.43    0.54    0.53    0.37    0.26    0.21   -0.02   -0.28 
1898   -0.42   -0.38   -0.27   -0.17   -0.21   -0.16   -0.29   -0.41   -0.25   -0.20   -0.12   -0.15 
1899   -0.29   -0.44   -0.25   -0.10    0.13    0.24    0.04    0.88    0.82    0.88    1.42    1.67 
1900    1.56    1.38    1.27    1.02    0.87    0.99    1.04    0.92    0.75    0.61    0.44    1.13 
1901    0.91    0.64    0.47    0.23    0.05    0.01    0.21    0.19    0.04    0.24    0.36    0.42 
1902    0.28    0.45    0.42    1.13    1.06    1.48    1.82    1.51    1.39    1.63    1.65    1.30 
1903    1.29    0.89    1.03    0.53    0.42    0.73    0.36    0.48    0.34   -0.14   -0.34   -0.17 
1904   -0.34   -0.38   -0.23   -0.16    0.04    0.54    0.88    1.06    0.64    0.99    0.72    1.31 
1905    1.13    1.21    1.49    0.99    1.51    1.19    1.23    1.70    1.55    1.23    1.39    1.16 
1906    1.10    1.07    1.29    1.08    0.72    0.51   -0.12   -0.19   -0.87   -0.58    0.34   -0.06 
1907   -0.39   -0.03   -0.18   -0.29   -0.07    0.21    0.07   -0.20    0.23    0.06    0.10    0.16 
1908    0.07    0.33    0.16   -0.13    0.05    0.17   -0.22   -0.51   -0.37   -0.37   -0.66   -0.60 
1909    0.26   -0.47   -0.07   -0.49   -0.04   -0.69   -0.58   -0.93   -1.05   -1.21   -1.34   -0.93 
1910   -1.07   -0.49   -0.53   -0.75   -1.08   -1.04   -0.67   -0.88   -1.23   -0.98   -0.53   -0.38 
1911   -0.27   -0.28   -0.37   -0.68   -0.82   -0.49   -0.14   -0.29    0.11    0.12    0.90    1.15 
1912    1.28    0.92    0.71    0.79    0.31    0.27    0.29    0.15    0.36    0.04    0.37   -0.08 
1913    0.01    0.77    0.59   -0.47   -0.08    0.35    0.18    0.16    0.21    0.55    0.92    0.98 
1914    0.95    0.87    0.73    0.90    0.27    0.14    0.24    0.84    0.66    0.21    0.28    0.81 
1915    1.08    0.94    0.99    0.89    0.92    1.32    0.37    0.01   -0.11   -0.05   -0.17   -0.05 
1916    0.12   -0.37   -0.21   -0.26   -0.03   -0.14   -0.97   -1.41   -1.40   -1.29   -1.49   -1.19 
1917   -1.10   -0.84   -0.62   -0.49   -0.51   -0.37   -0.08   -0.18   -0.41   -0.31   -0.45   -0.61 
1918   -0.52   -0.51   -0.49   -0.29    0.11    0.72    0.52    0.66    0.90    1.35    1.43    1.48 
1919    1.71    1.14    0.86    0.88    1.01    0.91    0.77    0.83    0.72    0.44    0.02    0.71 
1920    0.89    0.69    0.40    0.12    0.34    0.29    0.15    0.01   -0.11   -0.10   -0.11    0.06 
1921    0.33   -0.11   -0.77   -0.19   -0.58   -0.35   -0.44   -0.26   -0.37   -0.16   -0.53   -0.10 
1922   -0.18    0.17    0.31    0.03    0.29   -0.38   -0.27   -0.60   -0.29   -0.24   -0.30   -0.42 
1923   -0.13   -0.17   -0.27    0.12    0.04    0.14    0.17    0.30    0.53    0.87    1.00    0.64 
1924   -0.01    0.43    0.08   -0.09   -0.59   -0.33   -0.62   -0.78   -0.59   -0.37   -0.57   -0.19 
1925   -0.51    0.14    0.06    0.25   -0.10   -0.25    0.50    0.57    0.79    0.99    1.33    1.57 
1926    1.54    1.60    1.54    1.20    1.18    1.02    0.80    0.27    0.18   -0.04    0.38    0.57 
1927    0.71    0.76    0.31    0.38   -0.23    0.20   -0.26   -0.17   -0.02    0.15    0.17    0.35 
1928    0.76    0.57    0.29    0.26    0.34    0.11    0.15   -0.07   -0.25   -0.12    0.01   -0.06 
1929   -0.14    0.02    0.07    0.22    0.26    0.21    0.31    0.26    0.60    0.37    0.38    0.83 
1930    0.54    0.49    0.58    0.52    0.03    0.55    0.66    0.81    1.18    1.36    1.76    1.66 
1931    1.61    1.98    1.67    1.38    0.94    0.85    0.78    0.40    0.14    0.28    0.04    0.00 
1932   -0.03    0.17    0.49    0.57    0.39    0.44    0.22    0.45    0.10    0.22    0.15    0.05 
1933   -0.03   -0.09   -0.10    0.01   -0.33   -0.73   -0.82   -0.95   -0.84   -0.94   -0.53   -0.71 
1934   -0.29   -0.23   -0.04    0.30   -0.03   -0.09   -0.38   -0.05    0.06    0.17    0.36    0.07 
1935   -0.27   -0.30   -0.12   -0.08   -0.03    0.03   -0.36    0.30    0.27    0.32    0.60    0.38 
1936    0.78    0.67    0.42    0.74    0.63    0.21    0.43   -0.04   -0.03    0.60    0.41    0.95 
1937    0.14    0.52    0.52    0.25   -0.25    0.15    0.26   -0.31    0.20   -0.07    0.28    0.15 
1938   -0.30   -0.23   -0.33   -0.45   -0.67   -0.90   -1.03   -0.98   -0.38   -0.60   -0.52   -0.53 
1939   -0.15   -0.58   -0.67   -0.07    0.05    0.24    0.26    0.05    0.21   -0.56    0.29    0.48 
1940    1.34    1.55    1.36    0.99    0.71    0.99    0.31    0.86    0.41    0.77    1.05    1.59 
1941    1.57    1.58    1.68    1.59    1.53    1.08    1.14    1.37    1.11    1.08    1.09    1.23 
1942    0.86    0.45    0.42    0.46   -0.05   -0.35   -0.47   -0.74   -0.88   -0.97   -0.98   -0.95 
1943   -0.90   -0.68   -0.64   -0.35   -0.31   -0.27   -0.30   -0.44   -0.44   -0.25   -0.51   -0.54 
1944   -0.29   -0.09   -0.33    0.04   -0.35   -0.16   -0.00   -0.27   -0.33   -0.45   -0.42   -0.57 
1945   -0.70   -0.45   -1.05   -0.76   -0.34   -0.41   -0.35   -0.49   -0.49   -0.65   -0.48   -0.70 
1946   -0.63   -0.43   -0.34   -0.30   -0.44   -0.10   -0.11    0.07    0.16   -0.32    0.09    0.34 
1947    0.44    0.24    0.75    0.03   -0.25    0.61   -0.02   -0.22   -0.27   -0.25   -0.50    0.37 
1948    0.28    0.21    0.27   -0.03    0.01    0.09   -0.04   -0.39   -0.39   -0.68   -0.12    0.13 
1949   -0.59   -0.23   -0.66   -0.07   -0.23   -0.50   -0.39   -0.53   -1.02   -1.13   -1.36   -1.02 
1950   -1.01   -1.36   -1.14   -1.04   -1.46   -1.22   -1.64   -1.10   -1.31   -1.16   -1.64   -1.05 
1951   -1.07   -0.85   -0.97   -0.49   -0.35   -0.27    0.55    0.24    0.46    0.52    0.74    0.34 
1952    0.14    0.06    0.02    0.11   -0.23   -0.72   -0.70   -0.54   -0.38   -0.23   -0.49   -0.35 
1953    0.29    0.15    0.14    0.46    0.17    0.30    0.20   -0.01    0.29   -0.16    0.06   -0.10 
1954   -0.05   -0.16   -0.23   -0.57   -0.65   -0.57   -0.62   -0.75   -0.98   -0.73   -0.82   -0.79 
1955   -0.55   -0.92   -0.92   -1.29   -1.43   -1.41   -1.47   -1.18   -1.45   -2.04   -1.88   -1.69 
1956   -1.43   -1.15   -1.11   -1.18   -1.20   -1.35   -1.14   -0.94   -0.96   -1.16   -1.33   -0.83 
1957   -0.67   -0.42   -0.06    0.10    0.17    0.47    0.59    0.41    0.59    0.77    0.86    0.88 
1958    1.17    0.96    0.59    0.27    0.41    0.29    0.12    0.38    0.05   -0.03    0.16    0.33 
1959    0.24    0.09   -0.02    0.04   -0.06   -0.17   -0.26   -0.30   -0.33    0.09   -0.08   -0.22 
1960   -0.07   -0.23   -0.00    0.02   -0.03   -0.24   -0.43   -0.21   -0.24   -0.25   -0.39    0.10 
1961    0.13    0.29    0.06    0.08   -0.27   -0.19   -0.71   -0.61   -0.77   -0.97   -0.51   -0.72 
1962   -0.56   -0.44   -0.69   -0.74   -0.85   -0.86   -0.72   -0.43   -0.86   -0.81   -0.55   -0.55 
1963   -0.23   -0.19   -0.06   -0.04   -0.25   -0.22    0.07    0.27    0.47    0.64    0.53    0.76 
1964    0.58    0.17   -0.25   -0.59   -1.02   -0.87   -0.77   -1.16   -0.93   -0.96   -0.78   -0.77 
1965   -0.39   -0.09    0.02    0.28    0.47    0.44    0.63    1.05    1.08    1.22    1.30    1.15 
1966    0.92    0.53    0.36    0.26    0.02    0.18    0.30    0.25    0.11    0.02   -0.02   -0.04 
1967   -0.31   -0.46   -0.52   -0.41   -0.38   -0.34   -0.52   -0.86   -0.84   -0.83   -0.53   -0.49 
1968   -0.64   -0.52   -0.75   -0.65   -0.69   -0.20   -0.06   -0.05    0.00    0.20    0.42    0.58 
1969    0.50    0.52    0.31    0.17    0.24    0.36    0.20    0.37    0.37    0.82    0.76    0.65 
1970    0.49    0.31    0.14   -0.15   -0.35   -0.46   -1.05   -1.21   -1.02   -1.02   -1.08   -1.27 
1971   -1.48   -1.48   -1.30   -1.07   -1.09   -1.22   -1.25   -1.13   -0.97   -1.10   -1.16   -1.13 
1972   -0.55   -0.19   -0.27    0.10    0.12    0.44    0.53    0.96    0.79    1.13    1.02    1.40 
1973    1.06    0.38    0.09   -0.37   -0.65   -0.88   -1.05   -1.21   -1.36   -1.50   -1.74   -1.82 
1974   -1.67   -1.47   -1.13   -0.83   -0.66   -0.68   -0.67   -0.53   -0.76   -0.98   -0.90   -0.94 
1975   -0.81   -0.50   -0.81   -0.80   -1.22   -1.19   -1.12   -1.20   -1.48   -1.64   -1.57   -1.68 
1976   -1.53   -0.92   -0.76   -0.63   -0.47   -0.10    0.25    0.44    0.59    0.82    0.82    0.51 
1977    0.77    0.54    0.29   -0.34   -0.05    0.33    0.41    0.24    0.23    0.49    0.74    0.67 
1978    0.69    0.44    0.30   -0.04   -0.07   -0.30   -0.55   -0.58   -0.49   -0.04    0.15    0.04 
1979   -0.01   -0.17   -0.23    0.07    0.15    0.11   -0.01    0.08    0.32    0.36    0.25    0.44 
1980    0.44    0.33    0.31    0.46    0.45    0.19    0.07    0.09    0.09    0.22    0.38    0.48 
1981   -0.08   -0.17    0.04   -0.11   -0.06    0.00   -0.20   -0.12    0.14    0.09    0.17    0.22 
1982    0.09    0.13    0.16    0.31    0.50    0.73    0.76    0.96    1.42    1.78    1.69    1.89 
1983    2.02    2.07    1.79    1.38    1.42    1.37    1.21    0.86    0.27   -0.11   -0.18    0.16 
1984    0.17    0.09   -0.02   -0.19   -0.39   -0.57   -0.47   -0.35   -0.15   -0.31   -0.58   -0.92 
1985   -0.61   -0.65   -0.64   -0.68   -0.76   -0.49   -0.27   -0.27   -0.30   -0.42   -0.31   -0.20 
1986   -0.39   -0.07    0.01    0.06   -0.10    0.19    0.51    0.48    0.60    0.80    1.09    1.10 
1987    0.98    1.02    1.25    1.14    1.18    1.22    1.52    1.58    1.62    1.42    1.28    1.16 
1988    0.76    0.28    0.37   -0.15   -0.53   -0.90   -0.96   -0.91   -1.00   -1.46   -1.45   -1.38 
1989   -1.51   -1.07   -1.07   -0.83   -0.80   -0.64   -0.39   -0.62   -0.52   -0.58   -0.52   -0.18 
1990   -0.14   -0.03   -0.21    0.06    0.02   -0.07   -0.06    0.01    0.04   -0.12   -0.18   -0.19 
1991    0.01    0.01    0.00   -0.02    0.19    0.27    0.43    0.32    0.28    0.73    0.96    1.07 
1992    1.06    1.02    1.00    1.27    1.51    0.99    0.73    0.44    0.36    0.46    0.39    0.32 
1993    0.50    0.71    0.79    1.09    1.16    1.05    0.76    0.77    0.74    0.75    0.60    0.59 
1994    0.39    0.16    0.24    0.52    0.53    0.50    0.34    0.21    0.30    0.68    0.57    0.60 
1995    0.75    0.64    0.50    0.34    0.29    0.48    0.45   -0.00    0.03   -0.32   -0.47   -0.46 
1996   -0.33   -0.32   -0.11   -0.20   -0.13    0.10   -0.09   -0.12   -0.19   -0.15   -0.01   -0.33 
1997   -0.01   -0.06    0.04    0.38    0.88    1.17    1.32    1.72    1.85    1.99    2.00    1.80 
1998    1.99    1.60    1.30    0.74    0.51   -0.01   -0.35   -0.39   -0.58   -0.93   -0.92   -1.08 
1999   -1.14   -1.11   -0.89   -0.97   -1.00   -1.15   -1.04   -1.02   -1.16   -1.34   -1.43   -1.39 
2000   -1.43   -1.21   -1.04   -0.67   -0.93   -0.93   -0.79   -0.72   -0.69   -0.72   -0.69   -0.74 
2001   -0.71   -0.66   -0.37   -0.30   -0.48   -0.47   -0.52   -0.35   -0.61   -0.57   -0.54   -0.74 
2002   -0.48   -0.45   -0.05   -0.01    0.02    0.11    0.26    0.29    0.31    0.61    1.05    0.98 
2003    0.79    0.59    0.43    0.05   -0.45   -0.24    0.08    0.18   -0.11    0.34    0.36    0.26 
2004    0.26   -0.02    0.04    0.13   -0.15   -0.22   -0.08    0.10    0.25    0.22    0.27    0.44 
2005    0.47    0.02    0.17    0.08    0.18   -0.00   -0.15   -0.22   -0.50   -0.76   -0.97   -0.94 
2006   -0.60   -0.47   -0.40   -0.38   -0.25   -0.03    0.02    0.23    0.35    0.63    0.68    0.94 
2007    0.60    0.26   -0.09   -0.06   -0.45   -0.30   -0.15   -0.54   -0.98   -1.36   -1.46   -1.31 
2008   -1.54   -1.34   -1.06   -0.95   -0.70   -0.54   -0.33   -0.22   -0.44   -0.51   -0.58   -0.90 
2009   -0.85   -0.73   -0.88   -0.35    0.05    0.31    0.46    0.46    0.73    0.77    1.09    1.14 
2010    1.00    0.68    0.41    0.32   -0.00   -0.57   -0.96   -1.38   -1.70   -1.75   -1.56   -1.71 
2011   -1.68   -1.30   -1.15   -0.89   -0.83   -0.80   -0.89   -1.02   -1.06   -1.27   -1.33   -1.28 
2012   -0.95   -0.46   -0.40   -0.19   -0.40    0.04    0.15    0.20   -0.11    0.00    0.23   -0.15 
2013   -0.35   -0.43   -0.25   -0.32   -0.41   -0.58   -0.73   -0.72   -0.54   -0.46   -0.39   -0.43 
2014   -0.45   -0.34    0.02    0.10    0.29    0.18    0.09   -0.02    0.03    0.35    0.66    0.67 
